-1.354023581370711327e-03 3.631298430263996124e-03 -9.999924898147583008e-01 -5.572172999382019043e-01 -9.941422939300537109e-01 1.080647334456443787e-01 1.738520571961998940e-03 7.165017724037170410e-01 1.080702319741249084e-01 9.941372275352478027e-01 3.463705303147435188e-03 1.033240318298339844e+00 0.000000000000000000e+00 0.000000000000000000e+00 0.000000000000000000e+00 1.000000000000000000e+00
-1.905422774143517017e-03 1.271327864378690720e-02 -9.999173879623413086e-01 -8.476660847663879395e-01 -9.932102560997009277e-01 1.162855476140975952e-01 3.371134167537093163e-03 -1.256389264017343521e-02 1.163188293576240540e-01 9.931344389915466309e-01 1.240538340061903000e-02 1.776747703552246094e+00 0.000000000000000000e+00 0.000000000000000000e+00 0.000000000000000000e+00 1.000000000000000000e+00
-2.798731904476881027e-03 8.576946333050727844e-03 -9.999593496322631836e-01 5.909708514809608459e-02 -9.932240247726440430e-01 1.161547005176544189e-01 3.776174038648605347e-03 -7.498645689338445663e-03 1.161823645234107971e-01 9.931941628456115723e-01 8.193742483854293823e-03 1.764776468276977539e+00 0.000000000000000000e+00 0.000000000000000000e+00 0.000000000000000000e+00 1.000000000000000000e+00
-3.229453228414058685e-03 6.964042317122220993e-03 -9.999705553054809570e-01 1.026733398437500000e+00 -9.931834340095520020e-01 1.164932847023010254e-01 4.018822219222784042e-03 -1.946887560188770294e-02 1.165178567171096802e-01 9.931670427322387695e-01 6.540360860526561737e-03 1.780136108398437500e+00 0.000000000000000000e+00 0.000000000000000000e+00 0.000000000000000000e+00 1.000000000000000000e+00
-2.855390310287475586e-03 6.525287404656410217e-03 -9.999746084213256836e-01 1.958773851394653320e+00 -9.933455586433410645e-01 1.151172295212745667e-01 3.587652929127216339e-03 -1.481355074793100357e-02 1.151377409696578979e-01 9.933304190635681152e-01 6.153159774839878082e-03 1.777288913726806641e+00 0.000000000000000000e+00 0.000000000000000000e+00 0.000000000000000000e+00 1.000000000000000000e+00
-2.990726847201585770e-03 7.307805120944976807e-03 -9.999688863754272461e-01 2.900411367416381836e+00 -9.934831857681274414e-01 1.139166206121444702e-01 3.803835483267903328e-03 -4.407209903001785278e-02 1.139408722519874573e-01 9.934634566307067871e-01 6.919486913830041885e-03 1.786917805671691895e+00 0.000000000000000000e+00 0.000000000000000000e+00 0.000000000000000000e+00 1.000000000000000000e+00
-3.503500018268823624e-03 9.270912967622280121e-03 -9.999508857727050781e-01 3.841678619384765625e+00 -9.937524199485778809e-01 1.115167662501335144e-01 4.515695385634899139e-03 -5.971265956759452820e-02 1.115531623363494873e-01 9.937193393707275391e-01 8.822292089462280273e-03 1.798682451248168945e+00 0.000000000000000000e+00 0.000000000000000000e+00 0.000000000000000000e+00 1.000000000000000000e+00
-3.798882244154810905e-03 1.034806855022907257e-02 -9.999392628669738770e-01 4.785821437835693359e+00 -9.937769174575805664e-01 1.112801134586334229e-01 4.927075002342462540e-03 -6.771114468574523926e-02 1.113243326544761658e-01 9.937353134155273438e-01 9.860930964350700378e-03 1.813862085342407227e+00 0.000000000000000000e+00 0.000000000000000000e+00 0.000000000000000000e+00 1.000000000000000000e+00
-4.154646303504705429e-03 1.056306436657905579e-02 -9.999355673789978027e-01 5.766452789306640625e+00 -9.937853217124938965e-01 1.111884340643882751e-01 5.303658079355955124e-03 -5.635836720466613770e-02 1.112373024225234985e-01 9.937432408332824707e-01 1.003546826541423798e-02 1.821071267127990723e+00 0.000000000000000000e+00 0.000000000000000000e+00 0.000000000000000000e+00 1.000000000000000000e+00
-4.495298955589532852e-03 1.138996612280607224e-02 -9.999249577522277832e-01 6.726550102233886719e+00 -9.939924478530883789e-01 1.093007102608680725e-01 5.713652353733778000e-03 -9.148965775966644287e-02 1.093576103448867798e-01 9.939433932304382324e-01 1.083019934594631195e-02 1.828863143920898438e+00 0.000000000000000000e+00 0.000000000000000000e+00 0.000000000000000000e+00 1.000000000000000000e+00
-4.058828577399253845e-03 1.307410281151533127e-02 -9.999062418937683105e-01 7.652100563049316406e+00 -9.936912059783935547e-01 1.120165288448333740e-01 5.498252809047698975e-03 -1.038459539413452148e-01 1.120779067277908325e-01 9.936203360557556152e-01 1.253696344792842865e-02 1.801511645317077637e+00 0.000000000000000000e+00 0.000000000000000000e+00 0.000000000000000000e+00 1.000000000000000000e+00
-4.605608526617288589e-03 1.433575060218572617e-02 -9.998867511749267578e-01 8.598776817321777344e+00 -9.934256076812744141e-01 1.143124252557754517e-01 6.214787717908620834e-03 -8.216540515422821045e-02 1.143885776400566101e-01 9.933414459228515625e-01 1.371502131223678589e-02 1.852383136749267578e+00 0.000000000000000000e+00 0.000000000000000000e+00 0.000000000000000000e+00 1.000000000000000000e+00
-5.378854926675558090e-03 1.253868639469146729e-02 -9.999070167541503906e-01 9.541937828063964844e+00 -9.932720661163330078e-01 1.156063973903656006e-01 6.792850792407989502e-03 -7.987080514430999756e-02 1.156808286905288696e-01 9.932159781455993652e-01 1.183249522000551224e-02 1.873894214630126953e+00 0.000000000000000000e+00 0.000000000000000000e+00 0.000000000000000000e+00 1.000000000000000000e+00
-5.342188291251659393e-03 8.098023012280464172e-03 -9.999528527259826660e-01 1.050120067596435547e+01 -9.931289553642272949e-01 1.168581098318099976e-01 6.252095103263854980e-03 -7.292006164789199829e-02 1.169032454490661621e-01 9.931156039237976074e-01 7.418102584779262543e-03 1.880267977714538574e+00 0.000000000000000000e+00 0.000000000000000000e+00 0.000000000000000000e+00 1.000000000000000000e+00
-6.295778788626194000e-03 7.317660842090845108e-03 -9.999533891677856445e-01 1.140257358551025391e+01 -9.931516051292419434e-01 1.166170239448547363e-01 7.106357254087924957e-03 -8.721224963665008545e-02 1.166636049747467041e-01 9.931499958038330078e-01 6.533351261168718338e-03 1.902941465377807617e+00 0.000000000000000000e+00 0.000000000000000000e+00 0.000000000000000000e+00 1.000000000000000000e+00
-6.985936779528856277e-03 9.999101981520652771e-03 -9.999256134033203125e-01 1.232600879669189453e+01 -9.932061433792114258e-01 1.160865426063537598e-01 8.099839091300964355e-03 -9.421464055776596069e-02 1.161589026451110840e-01 9.931887984275817871e-01 9.120194241404533386e-03 1.916728734970092773e+00 0.000000000000000000e+00 0.000000000000000000e+00 0.000000000000000000e+00 1.000000000000000000e+00
-6.995453964918851852e-03 1.218762714415788651e-02 -9.999012947082519531e-01 1.322839546203613281e+01 -9.931672215461730957e-01 1.164010390639305115e-01 8.367133326828479767e-03 -1.079702451825141907e-01 1.164915412664413452e-01 9.931274652481079102e-01 1.129007339477539062e-02 1.921702146530151367e+00 0.000000000000000000e+00 0.000000000000000000e+00 0.000000000000000000e+00 1.000000000000000000e+00
-7.303331512957811356e-03 1.414342876523733139e-02 -9.998732209205627441e-01 1.409861755371093750e+01 -9.931973814964294434e-01 1.161032766103744507e-01 8.896876126527786255e-03 -1.172224357724189758e-01 1.162144169211387634e-01 9.931364059448242188e-01 1.319927442818880081e-02 1.941059350967407227e+00 0.000000000000000000e+00 0.000000000000000000e+00 0.000000000000000000e+00 1.000000000000000000e+00
-9.147123433649539948e-03 1.343775819987058640e-02 -9.998679161071777344e-01 1.500404930114746094e+01 -9.931492805480957031e-01 1.163667589426040649e-01 1.064957492053508759e-02 -1.281161755323410034e-01 1.164944842457771301e-01 9.931154847145080566e-01 1.228127721697092056e-02 1.945543527603149414e+00 0.000000000000000000e+00 0.000000000000000000e+00 0.000000000000000000e+00 1.000000000000000000e+00
-9.051262401044368744e-03 1.299058925360441208e-02 -9.998745918273925781e-01 1.591994190216064453e+01 -9.930902123451232910e-01 1.168827489018440247e-01 1.050841342657804489e-02 -1.264887154102325439e-01 1.170046180486679077e-01 9.930607676506042480e-01 1.184288877993822098e-02 1.960256576538085938e+00 0.000000000000000000e+00 0.000000000000000000e+00 0.000000000000000000e+00 1.000000000000000000e+00
-8.011259138584136963e-03 1.654995977878570557e-02 -9.998309612274169922e-01 1.672513961791992188e+01 -9.927647113800048828e-01 1.196650490164756775e-01 9.935427457094192505e-03 -1.881143301725387573e-01 1.198092475533485413e-01 9.926764369010925293e-01 1.547154691070318222e-02 1.952711343765258789e+00 0.000000000000000000e+00 0.000000000000000000e+00 0.000000000000000000e+00 1.000000000000000000e+00
-8.926983922719955444e-03 2.084052562713623047e-02 -9.997428655624389648e-01 1.769219017028808594e+01 -9.918631315231323242e-01 1.267888844013214111e-01 1.149964891374111176e-02 -1.224715337157249451e-01 1.269959509372711182e-01 9.917107820510864258e-01 1.953910477459430695e-02 1.966492891311645508e+00 0.000000000000000000e+00 0.000000000000000000e+00 0.000000000000000000e+00 1.000000000000000000e+00
-8.905154652893543243e-03 1.927891001105308533e-02 -9.997745156288146973e-01 1.859172630310058594e+01 -9.913768768310546875e-01 1.305502355098724365e-01 1.134778931736946106e-02 -1.101406812667846680e-01 1.307395845651626587e-01 9.912542104721069336e-01 1.795009337365627289e-02 1.968090176582336426e+00 0.000000000000000000e+00 0.000000000000000000e+00 0.000000000000000000e+00 1.000000000000000000e+00
-8.857658132910728455e-03 1.469095796346664429e-02 -9.998528361320495605e-01 1.946795463562011719e+01 -9.910483360290527344e-01 1.330718696117401123e-01 1.073489990085363388e-02 -1.131945699453353882e-01 1.332099884748458862e-01 9.909975528717041016e-01 1.338074170053005219e-02 1.983963608741760254e+00 0.000000000000000000e+00 0.000000000000000000e+00 0.000000000000000000e+00 1.000000000000000000e+00
-9.610324166715145111e-03 9.578297846019268036e-03 -9.999079704284667969e-01 2.035608100891113281e+01 -9.908730387687683105e-01 1.343649774789810181e-01 1.081059407442808151e-02 -1.192785128951072693e-01 1.344561576843261719e-01 9.908856749534606934e-01 8.199584670364856720e-03 1.996242284774780273e+00 0.000000000000000000e+00 0.000000000000000000e+00 0.000000000000000000e+00 1.000000000000000000e+00
-1.030844822525978088e-02 6.135113071650266647e-03 -9.999280571937561035e-01 2.124402427673339844e+01 -9.905924797058105469e-01 1.363997012376785278e-01 1.104909181594848633e-02 -1.202976033091545105e-01 1.364576965570449829e-01 9.906348586082458496e-01 4.671326838433742523e-03 2.002665281295776367e+00 0.000000000000000000e+00 0.000000000000000000e+00 0.000000000000000000e+00 1.000000000000000000e+00
-9.122597053647041321e-03 6.612641271203756332e-03 -9.999365210533142090e-01 2.214538574218750000e+01 -9.904703497886657715e-01 1.373676061630249023e-01 9.944655001163482666e-03 -1.290623545646667480e-01 1.374246627092361450e-01 9.904980659484863281e-01 5.296474788337945938e-03 2.019766807556152344e+00 0.000000000000000000e+00 0.000000000000000000e+00 0.000000000000000000e+00 1.000000000000000000e+00
-9.100754745304584503e-03 8.888534270226955414e-03 -9.999191164970397949e-01 2.300304031372070312e+01 -9.904558062553405762e-01 1.374509334564208984e-01 1.023646071553230286e-02 -1.428146362304687500e-01 1.375308036804199219e-01 9.904686808586120605e-01 7.552791852504014969e-03 2.028580904006958008e+00 0.000000000000000000e+00 0.000000000000000000e+00 0.000000000000000000e+00 1.000000000000000000e+00
-8.913656696677207947e-03 1.014644466340541840e-02 -9.999086856842041016e-01 2.384723663330078125e+01 -9.908433556556701660e-01 1.346313804388046265e-01 1.019899547100067139e-02 -1.555678844451904297e-01 1.347225904464721680e-01 9.908437132835388184e-01 8.853477425873279572e-03 2.055467128753662109e+00 0.000000000000000000e+00 0.000000000000000000e+00 0.000000000000000000e+00 1.000000000000000000e+00
-8.152268826961517334e-03 1.037273928523063660e-02 -9.999129176139831543e-01 2.471581649780273438e+01 -9.910252690315246582e-01 1.333399713039398193e-01 9.463028050959110260e-03 -1.675349771976470947e-01 1.334265470504760742e-01 9.910160303115844727e-01 9.192622266709804535e-03 2.066224098205566406e+00 0.000000000000000000e+00 0.000000000000000000e+00 0.000000000000000000e+00 1.000000000000000000e+00
-8.235349319875240326e-03 1.191005297005176544e-02 -9.998950958251953125e-01 2.554605865478515625e+01 -9.911882877349853516e-01 1.321029067039489746e-01 9.737154468894004822e-03 -1.823741793632507324e-01 1.322050392627716064e-01 9.911643862724304199e-01 1.071718987077474594e-02 2.073972225189208984e+00 0.000000000000000000e+00 0.000000000000000000e+00 0.000000000000000000e+00 1.000000000000000000e+00
-7.777285762131214142e-03 1.405628491193056107e-02 -9.998710155487060547e-01 2.638020133972167969e+01 -9.912312030792236328e-01 1.317935883998870850e-01 9.562849998474121094e-03 -1.897865086793899536e-01 1.319110095500946045e-01 9.911775588989257812e-01 1.290802937000989914e-02 2.090453386306762695e+00 0.000000000000000000e+00 0.000000000000000000e+00 0.000000000000000000e+00 1.000000000000000000e+00
-7.500839419662952423e-03 1.507475413382053375e-02 -9.998583197593688965e-01 2.720574569702148438e+01 -9.912945628166198730e-01 1.313266903162002563e-01 9.416594170033931732e-03 -1.984707862138748169e-01 1.314500421285629272e-01 9.912245869636535645e-01 1.395845972001552582e-02 2.109431028366088867e+00 0.000000000000000000e+00 0.000000000000000000e+00 0.000000000000000000e+00 1.000000000000000000e+00
-7.327395956963300705e-03 1.440413389354944229e-02 -9.998694062232971191e-01 2.803254318237304688e+01 -9.913420677185058594e-01 1.309865415096282959e-01 9.151898324489593506e-03 -2.071968913078308105e-01 1.311012953519821167e-01 9.912794828414916992e-01 1.331963110715150833e-02 2.115747451782226562e+00 0.000000000000000000e+00 0.000000000000000000e+00 0.000000000000000000e+00 1.000000000000000000e+00
-6.047941744327545166e-03 1.227033138275146484e-02 -9.999063014984130859e-01 2.883964729309082031e+01 -9.915216565132141113e-01 1.297203451395034790e-01 7.589086424559354782e-03 -2.122387290000915527e-01 1.298013329505920410e-01 9.914746880531311035e-01 1.138175744563341141e-02 2.112463712692260742e+00 0.000000000000000000e+00 0.000000000000000000e+00 0.000000000000000000e+00 1.000000000000000000e+00
-5.459419451653957367e-03 1.212490256875753403e-02 -9.999114871025085449e-01 2.966251182556152344e+01 -9.916726350784301758e-01 1.285959482192993164e-01 6.973786745220422745e-03 -2.188150882720947266e-01 1.286691427230834961e-01 9.916229248046875000e-01 1.132187247276306152e-02 2.128377676010131836e+00 0.000000000000000000e+00 0.000000000000000000e+00 0.000000000000000000e+00 1.000000000000000000e+00
-4.706691484898328781e-03 1.299189776182174683e-02 -9.999045729637145996e-01 3.047298622131347656e+01 -9.918074011802673340e-01 1.275861710309982300e-01 6.326321978121995926e-03 -2.214031219482421875e-01 1.276561915874481201e-01 9.917423725128173828e-01 1.228495035320520401e-02 2.139339923858642578e+00 0.000000000000000000e+00 0.000000000000000000e+00 0.000000000000000000e+00 1.000000000000000000e+00
-3.115917788818478584e-03 1.553102117031812668e-02 -9.998745918273925781e-01 3.128989410400390625e+01 -9.920397400856018066e-01 1.258254945278167725e-01 5.045945756137371063e-03 -2.243972122669219971e-01 1.258881241083145142e-01 9.919307827949523926e-01 1.501532737165689468e-02 2.136981010437011719e+00 0.000000000000000000e+00 0.000000000000000000e+00 0.000000000000000000e+00 1.000000000000000000e+00
-2.044856781139969826e-03 1.769163832068443298e-02 -9.998413920402526855e-01 3.207644271850585938e+01 -9.922848343849182129e-01 1.239077597856521606e-01 4.221880808472633362e-03 -2.379185259342193604e-01 1.239628121256828308e-01 9.921360611915588379e-01 1.730176992714405060e-02 2.160594940185546875e+00 0.000000000000000000e+00 0.000000000000000000e+00 0.000000000000000000e+00 1.000000000000000000e+00
-1.640938920900225639e-03 2.113857120275497437e-02 -9.997752308845520020e-01 3.285813903808593750e+01 -9.922652244567871094e-01 1.240638196468353271e-01 4.251733422279357910e-03 -2.424570024013519287e-01 1.241257861256599426e-01 9.920490980148315430e-01 2.077148668467998505e-02 2.142066001892089844e+00 0.000000000000000000e+00 0.000000000000000000e+00 0.000000000000000000e+00 1.000000000000000000e+00
-1.661060494370758533e-03 2.013575658202171326e-02 -9.997957944869995117e-01 3.368654251098632812e+01 -9.923841953277587891e-01 1.231126785278320312e-01 4.128219094127416611e-03 -2.220714390277862549e-01 1.231706663966178894e-01 9.921883940696716309e-01 1.977790705859661102e-02 2.132021427154541016e+00 0.000000000000000000e+00 0.000000000000000000e+00 0.000000000000000000e+00 1.000000000000000000e+00
-5.936722154729068279e-04 2.024190127849578857e-02 -9.997949600219726562e-01 3.447040557861328125e+01 -9.924878478050231934e-01 1.223063319921493530e-01 3.065554425120353699e-03 -2.413125634193420410e-01 1.223433613777160645e-01 9.922859668731689453e-01 2.001722715795040131e-02 2.132147789001464844e+00 0.000000000000000000e+00 0.000000000000000000e+00 0.000000000000000000e+00 1.000000000000000000e+00
-3.364219737704843283e-04 2.001336403191089630e-02 -9.997996687889099121e-01 3.529050827026367188e+01 -9.925127625465393066e-01 1.221100911498069763e-01 2.778292866423726082e-03 -2.324915528297424316e-01 1.221412271261215210e-01 9.923147559165954590e-01 1.982243545353412628e-02 2.136260747909545898e+00 0.000000000000000000e+00 0.000000000000000000e+00 0.000000000000000000e+00 1.000000000000000000e+00
5.840382655151188374e-04 1.788172684609889984e-02 -9.998399615287780762e-01 3.607948684692382812e+01 -9.924321770668029785e-01 1.227842792868614197e-01 1.616234541870653629e-03 -2.179421186447143555e-01 1.227935105562210083e-01 9.922723174095153809e-01 1.781811006367206573e-02 2.137534379959106445e+00 0.000000000000000000e+00 0.000000000000000000e+00 0.000000000000000000e+00 1.000000000000000000e+00
1.404841081239283085e-03 1.667776517570018768e-02 -9.998599886894226074e-01 3.687985992431640625e+01 -9.926610589027404785e-01 1.209292784333229065e-01 6.223857053555548191e-04 -2.301774322986602783e-01 1.209227219223976135e-01 9.925210475921630859e-01 1.672525145113468170e-02 2.138399600982666016e+00 0.000000000000000000e+00 0.000000000000000000e+00 0.000000000000000000e+00 1.000000000000000000e+00
2.002543769776821136e-03 1.944620721042156219e-02 -9.998088479042053223e-01 3.765732955932617188e+01 -9.926387667655944824e-01 1.211131364107131958e-01 3.674584731925278902e-04 -2.244888693094253540e-01 1.210971400141716003e-01 9.924481511116027832e-01 1.954559236764907837e-02 2.128462553024291992e+00 0.000000000000000000e+00 0.000000000000000000e+00 0.000000000000000000e+00 1.000000000000000000e+00
1.694450154900550842e-03 2.356429584324359894e-02 -9.997208714485168457e-01 3.842678451538085938e+01 -9.929570555686950684e-01 1.184708401560783386e-01 1.109474571421742439e-03 -2.296618372201919556e-01 1.184639185667037964e-01 9.926779270172119141e-01 2.359907329082489014e-02 2.117496728897094727e+00 0.000000000000000000e+00 0.000000000000000000e+00 0.000000000000000000e+00 1.000000000000000000e+00
1.128160394728183746e-03 2.535375766456127167e-02 -9.996778368949890137e-01 3.922251510620117188e+01 -9.934573173522949219e-01 1.141912415623664856e-01 1.774968812242150307e-03 -2.363778501749038696e-01 1.141994595527648926e-01 9.931352138519287109e-01 2.531669847667217255e-02 2.121297121047973633e+00 0.000000000000000000e+00 0.000000000000000000e+00 0.000000000000000000e+00 1.000000000000000000e+00
6.067814538255333900e-04 2.254733629524707794e-02 -9.997457265853881836e-01 4.002420043945312500e+01 -9.934568405151367188e-01 1.141927093267440796e-01 1.972432248294353485e-03 -2.414612174034118652e-01 1.142081692814826965e-01 9.932027459144592285e-01 2.246909216046333313e-02 2.147217273712158203e+00 0.000000000000000000e+00 0.000000000000000000e+00 0.000000000000000000e+00 1.000000000000000000e+00
-3.395196108613163233e-05 1.657846383750438690e-02 -9.998624920845031738e-01 4.079807662963867188e+01 -9.938269257545471191e-01 1.109269261360168457e-01 1.872997498139739037e-03 -2.541635632514953613e-01 1.109427437186241150e-01 9.936902523040771484e-01 1.647235639393329620e-02 2.163763523101806641e+00 0.000000000000000000e+00 0.000000000000000000e+00 0.000000000000000000e+00 1.000000000000000000e+00
-6.547078955918550491e-04 6.794780492782592773e-03 -9.999767541885375977e-01 4.168432998657226562e+01 -9.930474162101745605e-01 1.177067905664443970e-01 1.449981238692998886e-03 -2.152995467185974121e-01 1.177138835191726685e-01 9.930252432823181152e-01 6.670475006103515625e-03 2.167880296707153320e+00 0.000000000000000000e+00 0.000000000000000000e+00 0.000000000000000000e+00 1.000000000000000000e+00
1.235888455994427204e-03 -2.030339324846863747e-03 -9.999971985816955566e-01 4.247588348388671875e+01 -9.931116700172424316e-01 1.171639561653137207e-01 -1.465262263081967831e-03 -2.219507396221160889e-01 1.171666085720062256e-01 9.931105375289916992e-01 -1.871551969088613987e-03 2.162701845169067383e+00 0.000000000000000000e+00 0.000000000000000000e+00 0.000000000000000000e+00 1.000000000000000000e+00
1.393827609717845917e-03 -4.439342767000198364e-03 -9.999891519546508789e-01 4.327014160156250000e+01 -9.933979511260986328e-01 1.147048920392990112e-01 -1.893860520794987679e-03 -2.320675253868103027e-01 1.147120594978332520e-01 9.933896660804748535e-01 -4.250154830515384674e-03 2.192743301391601562e+00 0.000000000000000000e+00 0.000000000000000000e+00 0.000000000000000000e+00 1.000000000000000000e+00
-1.155428544734604657e-04 -2.045805798843502998e-03 -9.999978542327880859e-01 4.394277954101562500e+01 -9.931976199150085449e-01 1.164421886205673218e-01 -1.234617811860516667e-04 -1.961767673492431641e-01 1.164422184228897095e-01 9.931953549385070801e-01 -2.045343164354562759e-03 2.190728664398193359e+00 0.000000000000000000e+00 0.000000000000000000e+00 0.000000000000000000e+00 1.000000000000000000e+00
3.371099592186510563e-04 3.985183720942586660e-04 -9.999998807907104492e-01 4.463405609130859375e+01 -9.931356310844421387e-01 1.169692203402519226e-01 -2.881818800233304501e-04 -1.890460699796676636e-01 1.169690936803817749e-01 9.931354522705078125e-01 4.352144314907491207e-04 2.192076444625854492e+00 0.000000000000000000e+00 0.000000000000000000e+00 0.000000000000000000e+00 1.000000000000000000e+00
-3.057083522435277700e-04 5.435451399534940720e-03 -9.999851584434509277e-01 4.532788085937500000e+01 -9.928120970726013184e-01 1.196803972125053406e-01 9.540417231619358063e-04 -1.781697869300842285e-01 1.196838095784187317e-01 9.927976131439208984e-01 5.359793547540903091e-03 2.210085391998291016e+00 0.000000000000000000e+00 0.000000000000000000e+00 0.000000000000000000e+00 1.000000000000000000e+00
4.357906582299619913e-04 7.820853032171726227e-03 -9.999694228172302246e-01 4.606180572509765625e+01 -9.925578236579895020e-01 1.217742189764976501e-01 5.198465078137814999e-04 -1.720384359359741211e-01 1.217745617032051086e-01 9.925270676612854004e-01 7.815715856850147247e-03 2.212439775466918945e+00 0.000000000000000000e+00 0.000000000000000000e+00 0.000000000000000000e+00 1.000000000000000000e+00
1.223036670126020908e-03 1.173485536128282547e-02 -9.999303817749023438e-01 4.672520828247070312e+01 -9.922901391983032227e-01 1.239372491836547852e-01 2.407950232736766338e-04 -1.632158309221267700e-01 1.239314600825309753e-01 9.922206997871398926e-01 1.179596036672592163e-02 2.232488155364990234e+00 0.000000000000000000e+00 0.000000000000000000e+00 0.000000000000000000e+00 1.000000000000000000e+00
9.188297553919255733e-04 1.320110913366079330e-02 -9.999124407768249512e-01 4.746076965332031250e+01 -9.923121333122253418e-01 1.237590909004211426e-01 7.220541592687368393e-04 -1.723783910274505615e-01 1.237577870488166809e-01 9.922245144844055176e-01 1.321333274245262146e-02 2.245202064514160156e+00 0.000000000000000000e+00 0.000000000000000000e+00 0.000000000000000000e+00 1.000000000000000000e+00
2.439664676785469055e-03 1.135597657412290573e-02 -9.999325871467590332e-01 4.819375228881835938e+01 -9.922875165939331055e-01 1.239546537399291992e-01 -1.013291417621076107e-03 -1.528283804655075073e-01 1.239348053932189941e-01 9.922229051589965820e-01 1.157080102711915970e-02 2.248450994491577148e+00 0.000000000000000000e+00 0.000000000000000000e+00 0.000000000000000000e+00 1.000000000000000000e+00
4.374738782644271851e-03 9.996870532631874084e-03 -9.999403953552246094e-01 4.888095474243164062e+01 -9.924959540367126465e-01 1.222387701272964478e-01 -3.120090579614043236e-03 -1.337141692638397217e-01 1.222003176808357239e-01 9.924502968788146973e-01 1.045661512762308121e-02 2.249314546585083008e+00 0.000000000000000000e+00 0.000000000000000000e+00 0.000000000000000000e+00 1.000000000000000000e+00
5.918325390666723251e-03 9.345768019556999207e-03 -9.999387860298156738e-01 4.957715225219726562e+01 -9.923291802406311035e-01 1.235346123576164246e-01 -4.718690179288387299e-03 -1.248497739434242249e-01 1.234829649329185486e-01 9.922962188720703125e-01 1.000519469380378723e-02 2.263866424560546875e+00 0.000000000000000000e+00 0.000000000000000000e+00 0.000000000000000000e+00 1.000000000000000000e+00
7.496327161788940430e-03 1.052339654415845871e-02 -9.999165534973144531e-01 5.028206253051757812e+01 -9.923030138015747070e-01 1.236823722720146179e-01 -6.137581542134284973e-03 -1.225330233573913574e-01 1.236074790358543396e-01 9.922660589218139648e-01 1.136956084519624710e-02 2.267395734786987305e+00 0.000000000000000000e+00 0.000000000000000000e+00 0.000000000000000000e+00 1.000000000000000000e+00
8.793631568551063538e-03 1.448884047567844391e-02 -9.998564124107360840e-01 5.096964263916015625e+01 -9.922461509704589844e-01 1.240962371230125427e-01 -6.928432267159223557e-03 -1.210589930415153503e-01 1.239780411124229431e-01 9.921644330024719238e-01 1.546775177121162415e-02 2.278224468231201172e+00 0.000000000000000000e+00 0.000000000000000000e+00 0.000000000000000000e+00 1.000000000000000000e+00
1.027233991771936417e-02 1.831547729671001434e-02 -9.997794628143310547e-01 5.166936111450195312e+01 -9.923232197761535645e-01 1.234169825911521912e-01 -7.934791967272758484e-03 -1.287134736776351929e-01 1.232444345951080322e-01 9.921858310699462891e-01 1.944265328347682953e-02 2.305258035659790039e+00 0.000000000000000000e+00 0.000000000000000000e+00 0.000000000000000000e+00 1.000000000000000000e+00
1.154243480414152145e-02 2.168820239603519440e-02 -9.996981024742126465e-01 5.234619903564453125e+01 -9.922231435775756836e-01 1.241635978221893311e-01 -8.762431330978870392e-03 -1.331578046083450317e-01 1.239360943436622620e-01 9.920246601104736328e-01 2.295268513262271881e-02 2.312709093093872070e+00 0.000000000000000000e+00 0.000000000000000000e+00 0.000000000000000000e+00 1.000000000000000000e+00
1.216525025665760040e-02 2.171701006591320038e-02 -9.996901750564575195e-01 5.300190734863281250e+01 -9.919875860214233398e-01 1.259910315275192261e-01 -9.334522299468517303e-03 -1.224424988031387329e-01 1.257492899894714355e-01 9.917936921119689941e-01 2.307571470737457275e-02 2.321919441223144531e+00 0.000000000000000000e+00 0.000000000000000000e+00 0.000000000000000000e+00 1.000000000000000000e+00
1.292725466191768646e-02 1.935644075274467468e-02 -9.997290372848510742e-01 5.367136764526367188e+01 -9.919128417968750000e-01 1.264964789152145386e-01 -1.037700101733207703e-02 -9.534300863742828369e-02 1.262613534927368164e-01 9.917781949043273926e-01 2.083515189588069916e-02 2.327139616012573242e+00 0.000000000000000000e+00 0.000000000000000000e+00 0.000000000000000000e+00 1.000000000000000000e+00
1.250839512795209885e-02 2.118419855833053589e-02 -9.996974468231201172e-01 5.432008743286132812e+01 -9.922137856483459473e-01 1.241628155112266541e-01 -9.783674031496047974e-03 -1.041586250066757202e-01 1.239180043339729309e-01 9.920357465744018555e-01 2.257232926785945892e-02 2.323222875595092773e+00 0.000000000000000000e+00 0.000000000000000000e+00 0.000000000000000000e+00 1.000000000000000000e+00
1.262334734201431274e-02 2.479617856442928314e-02 -9.996128678321838379e-01 5.496779251098632812e+01 -9.920246005058288574e-01 1.256934702396392822e-01 -9.409597143530845642e-03 -1.062886565923690796e-01 1.254114955663681030e-01 9.917591810226440430e-01 2.618508972227573395e-02 2.305921316146850586e+00 0.000000000000000000e+00 0.000000000000000000e+00 0.000000000000000000e+00 1.000000000000000000e+00
1.228324323892593384e-02 2.649911679327487946e-02 -9.995734095573425293e-01 5.559783935546875000e+01 -9.922811985015869141e-01 1.236884742975234985e-01 -8.914599195122718811e-03 -8.771740645170211792e-02 1.233994886279106140e-01 9.919672012329101562e-01 2.781386673450469971e-02 2.311715364456176758e+00 0.000000000000000000e+00 0.000000000000000000e+00 0.000000000000000000e+00 1.000000000000000000e+00
1.307965908199548721e-02 2.982326783239841461e-02 -9.994695782661437988e-01 5.628056335449218750e+01 -9.924657344818115234e-01 1.221664398908615112e-01 -9.342665784060955048e-03 -9.047285467386245728e-02 1.218230277299880981e-01 9.920613765716552734e-01 3.119646385312080383e-02 2.320924997329711914e+00 0.000000000000000000e+00 0.000000000000000000e+00 0.000000000000000000e+00 1.000000000000000000e+00
1.483659073710441589e-02 3.757817670702934265e-02 -9.991835951805114746e-01 5.687117385864257812e+01 -9.918539524078369141e-01 1.269919127225875854e-01 -9.951732121407985687e-03 -1.168367117643356323e-01 1.265142858028411865e-01 9.911916851997375488e-01 3.915618360042572021e-02 2.313182353973388672e+00 0.000000000000000000e+00 0.000000000000000000e+00 0.000000000000000000e+00 1.000000000000000000e+00
1.174686476588249207e-02 3.741932660341262817e-02 -9.992306232452392578e-01 5.748865509033203125e+01 -9.931789636611938477e-01 1.163712367415428162e-01 -7.317836862057447433e-03 -1.129918247461318970e-01 1.160078868269920349e-01 9.925006628036499023e-01 3.853107988834381104e-02 2.313899278640747070e+00 0.000000000000000000e+00 0.000000000000000000e+00 0.000000000000000000e+00 1.000000000000000000e+00
1.191652193665504456e-02 3.686375170946121216e-02 -9.992493391036987305e-01 5.816164398193359375e+01 -9.943118691444396973e-01 1.062125712633132935e-01 -7.939307019114494324e-03 -1.411455124616622925e-01 1.058401688933372498e-01 9.936599135398864746e-01 3.791974484920501709e-02 2.299426555633544922e+00 0.000000000000000000e+00 0.000000000000000000e+00 0.000000000000000000e+00 1.000000000000000000e+00
1.069037150591611862e-02 3.898033872246742249e-02 -9.991828203201293945e-01 5.878718185424804688e+01 -9.953942298889160156e-01 9.561689943075180054e-02 -6.919611245393753052e-03 -1.621223390102386475e-01 9.526904672384262085e-02 9.946547150611877441e-01 3.982298076152801514e-02 2.303048610687255859e+00 0.000000000000000000e+00 0.000000000000000000e+00 0.000000000000000000e+00 1.000000000000000000e+00
7.516189943999052048e-03 3.145492076873779297e-02 -9.994769096374511719e-01 5.946351242065429688e+01 -9.942735433578491211e-01 1.067871004343032837e-01 -4.116322379559278488e-03 -1.217806264758110046e-01 1.066017821431159973e-01 9.937842488288879395e-01 3.207742422819137573e-02 2.297337532043457031e+00 0.000000000000000000e+00 0.000000000000000000e+00 0.000000000000000000e+00 1.000000000000000000e+00
6.289409939199686050e-03 2.325826324522495270e-02 -9.997097253799438477e-01 6.011606216430664062e+01 -9.939941763877868652e-01 1.093711778521537781e-01 -3.708929987624287605e-03 -1.100010871887207031e-01 1.092531755566596985e-01 9.937288165092468262e-01 2.380645647644996643e-02 2.279377698898315430e+00 0.000000000000000000e+00 0.000000000000000000e+00 0.000000000000000000e+00 1.000000000000000000e+00
5.608254112303256989e-03 2.942466177046298981e-02 -9.995512962341308594e-01 6.076035690307617188e+01 -9.940968751907348633e-01 1.084711775183677673e-01 -2.384489635005593300e-03 -1.149926781654357910e-01 1.083523631095886230e-01 9.936640262603759766e-01 2.985929511487483978e-02 2.286643028259277344e+00 0.000000000000000000e+00 0.000000000000000000e+00 0.000000000000000000e+00 1.000000000000000000e+00
3.071413142606616020e-03 4.038821160793304443e-02 -9.991793036460876465e-01 6.132972335815429688e+01 -9.945514202117919922e-01 1.042418852448463440e-01 1.156414044089615345e-03 -1.333076208829879761e-01 1.042030677199363708e-01 9.937315583229064941e-01 4.048831760883331299e-02 2.274077653884887695e+00 0.000000000000000000e+00 0.000000000000000000e+00 0.000000000000000000e+00 1.000000000000000000e+00
-1.298111048527061939e-03 5.127884075045585632e-02 -9.986835122108459473e-01 6.192367935180664062e+01 -9.947279095649719238e-01 1.023411974310874939e-01 6.547825410962104797e-03 -1.476891487836837769e-01 1.025422587990760803e-01 9.934267401695251465e-01 5.087563768029212952e-02 2.254896402359008789e+00 0.000000000000000000e+00 0.000000000000000000e+00 0.000000000000000000e+00 1.000000000000000000e+00
-3.731769742444157600e-03 6.214510276913642883e-02 -9.980601668357849121e-01 6.253609085083007812e+01 -9.940416812896728516e-01 1.084972918033599854e-01 1.047242339700460434e-02 -1.339842677116394043e-01 1.089376434683799744e-01 9.921523928642272949e-01 6.136992573738098145e-02 2.274641752243041992e+00 0.000000000000000000e+00 0.000000000000000000e+00 0.000000000000000000e+00 1.000000000000000000e+00
-4.960973281413316727e-03 6.548801064491271973e-02 -9.978408813476562500e-01 6.312874603271484375e+01 -9.933505654335021973e-01 1.144542843103408813e-01 1.245024614036083221e-02 -1.270066499710083008e-01 1.150224879384040833e-01 9.912676215171813965e-01 6.448473781347274780e-02 2.282178878784179688e+00 0.000000000000000000e+00 0.000000000000000000e+00 0.000000000000000000e+00 1.000000000000000000e+00
-5.744306836277246475e-03 6.227944046258926392e-02 -9.980421662330627441e-01 6.376634597778320312e+01 -9.929416775703430176e-01 1.178819984197616577e-01 1.307097543030977249e-02 -1.263770014047622681e-01 1.184652596712112427e-01 9.910727143287658691e-01 6.116269156336784363e-02 2.259680509567260742e+00 0.000000000000000000e+00 0.000000000000000000e+00 0.000000000000000000e+00 1.000000000000000000e+00
-7.192843593657016754e-03 6.365001946687698364e-02 -9.979462623596191406e-01 6.435575103759765625e+01 -9.932927489280700684e-01 1.147179156541824341e-01 1.447612792253494263e-02 -1.287764459848403931e-01 1.154037788510322571e-01 9.913568496704101562e-01 6.239794939756393433e-02 2.212773561477661133e+00 0.000000000000000000e+00 0.000000000000000000e+00 0.000000000000000000e+00 1.000000000000000000e+00
-7.201863452792167664e-03 6.823916733264923096e-02 -9.976429939270019531e-01 6.499863433837890625e+01 -9.933741688728332520e-01 1.139471158385276794e-01 1.496507413685321808e-02 -1.529642045497894287e-01 1.146997436881065369e-01 9.911404848098754883e-01 6.696638464927673340e-02 2.196468591690063477e+00 0.000000000000000000e+00 0.000000000000000000e+00 0.000000000000000000e+00 1.000000000000000000e+00
-8.281170390546321869e-03 7.735627889633178711e-02 -9.969691038131713867e-01 6.554513549804687500e+01 -9.935190081596374512e-01 1.123926863074302673e-01 1.697322353720664978e-02 -1.727225482463836670e-01 1.133650317788124084e-01 9.906482696533203125e-01 7.592418044805526733e-02 2.173547506332397461e+00 0.000000000000000000e+00 0.000000000000000000e+00 0.000000000000000000e+00 1.000000000000000000e+00
-8.897544816136360168e-03 8.495847135782241821e-02 -9.963447451591491699e-01 6.616179656982421875e+01 -9.935743808746337891e-01 1.116774976253509521e-01 1.839556172490119934e-02 -1.831457912921905518e-01 1.128321588039398193e-01 9.901061654090881348e-01 8.341889083385467529e-02 2.154310464859008789e+00 0.000000000000000000e+00 0.000000000000000000e+00 0.000000000000000000e+00 1.000000000000000000e+00
-8.634635247290134430e-03 8.982356637716293335e-02 -9.959202408790588379e-01 6.673922729492187500e+01 -9.934440255165100098e-01 1.127670705318450928e-01 1.878380030393600464e-02 -1.769732832908630371e-01 1.139942631125450134e-01 9.895530343055725098e-01 8.826097100973129272e-02 2.112668037414550781e+00 0.000000000000000000e+00 0.000000000000000000e+00 0.000000000000000000e+00 1.000000000000000000e+00
-8.924737572669982910e-03 9.226888418197631836e-02 -9.956940412521362305e-01 6.732686614990234375e+01 -9.935119748115539551e-01 1.120799854397773743e-01 1.929139532148838043e-02 -1.961765587329864502e-01 1.133773922920227051e-01 9.894061088562011719e-01 9.066995233297348022e-02 2.090668916702270508e+00 0.000000000000000000e+00 0.000000000000000000e+00 0.000000000000000000e+00 1.000000000000000000e+00
-8.582679554820060730e-03 9.241733700037002563e-02 -9.956833124160766602e-01 6.792238616943359375e+01 -9.936636686325073242e-01 1.108035892248153687e-01 1.884983852505683899e-02 -2.337888181209564209e-01 1.120673716068267822e-01 9.895360469818115234e-01 9.088075160980224609e-02 2.045424461364746094e+00 0.000000000000000000e+00 0.000000000000000000e+00 0.000000000000000000e+00 1.000000000000000000e+00
-8.638701401650905609e-03 9.256976097822189331e-02 -9.956687688827514648e-01 6.855970764160156250e+01 -9.938232302665710449e-01 1.093736216425895691e-01 1.879142224788665771e-02 -2.613093554973602295e-01 1.106394305825233459e-01 9.896808862686157227e-01 9.105312079191207886e-02 2.025937318801879883e+00 0.000000000000000000e+00 0.000000000000000000e+00 0.000000000000000000e+00 1.000000000000000000e+00
-8.034574799239635468e-03 9.502150863409042358e-02 -9.954427480697631836e-01 6.913953399658203125e+01 -9.937846064567565918e-01 1.097732409834861755e-01 1.849976368248462677e-02 -2.757938802242279053e-01 1.110308840870857239e-01 9.894041419029235840e-01 9.354892373085021973e-02 2.012090682983398438e+00 0.000000000000000000e+00 0.000000000000000000e+00 0.000000000000000000e+00 1.000000000000000000e+00
-8.273305371403694153e-03 9.584229439496994019e-02 -9.953621625900268555e-01 6.971040344238281250e+01 -9.935010671615600586e-01 1.122163981199264526e-01 1.906302571296691895e-02 -2.958883345127105713e-01 1.135230138897895813e-01 9.890509247779846191e-01 9.429101645946502686e-02 1.972267389297485352e+00 0.000000000000000000e+00 0.000000000000000000e+00 0.000000000000000000e+00 1.000000000000000000e+00
-8.010518737137317657e-03 9.409018605947494507e-02 -9.955313801765441895e-01 7.034059143066406250e+01 -9.934445023536682129e-01 1.127838417887687683e-01 1.865321025252342224e-02 -3.202480375766754150e-01 1.140349581837654114e-01 9.891545772552490234e-01 9.256990253925323486e-02 1.925439834594726562e+00 0.000000000000000000e+00 0.000000000000000000e+00 0.000000000000000000e+00 1.000000000000000000e+00
-7.184776011854410172e-03 9.160139411687850952e-02 -9.957697987556457520e-01 7.092543792724609375e+01 -9.936449527740478516e-01 1.112078279256820679e-01 1.739951036870479584e-02 -3.310280740261077881e-01 1.123312190175056458e-01 9.895666241645812988e-01 9.022024273872375488e-02 1.889641880989074707e+00 0.000000000000000000e+00 0.000000000000000000e+00 0.000000000000000000e+00 1.000000000000000000e+00
-6.605672650039196014e-03 8.961363881826400757e-02 -9.959546327590942383e-01 7.151844787597656250e+01 -9.939581751823425293e-01 1.085342243313789368e-01 1.635808125138282776e-02 -3.486821651458740234e-01 1.095610782504081726e-01 9.900453090667724609e-01 8.835525810718536377e-02 1.851876974105834961e+00 0.000000000000000000e+00 0.000000000000000000e+00 0.000000000000000000e+00 1.000000000000000000e+00
-6.407188717275857925e-03 8.706770092248916626e-02 -9.961817860603332520e-01 7.211910247802734375e+01 -9.941804409027099609e-01 1.065773144364356995e-01 1.570932567119598389e-02 -3.732622265815734863e-01 1.075381860136985779e-01 9.904848933219909668e-01 8.587813377380371094e-02 1.821821331977844238e+00 0.000000000000000000e+00 0.000000000000000000e+00 0.000000000000000000e+00 1.000000000000000000e+00
-5.708508659154176712e-03 8.774088323116302490e-02 -9.961268901824951172e-01 7.271070098876953125e+01 -9.945459365844726562e-01 1.032460853457450867e-01 1.479357201606035233e-02 -3.978903293609619141e-01 1.041442230343818665e-01 9.907783269882202148e-01 8.667294681072235107e-02 1.781427025794982910e+00 0.000000000000000000e+00 0.000000000000000000e+00 0.000000000000000000e+00 1.000000000000000000e+00
-3.919845912605524063e-03 9.096727520227432251e-02 -9.958461523056030273e-01 7.329228973388671875e+01 -9.948611855506896973e-01 1.004001274704933167e-01 1.308718975633382797e-02 -4.516420960426330566e-01 1.011735945940017700e-01 9.907798767089843750e-01 9.010624140501022339e-02 1.751844286918640137e+00 0.000000000000000000e+00 0.000000000000000000e+00 0.000000000000000000e+00 1.000000000000000000e+00
-3.476262791082262993e-03 9.329017251729965210e-02 -9.956328868865966797e-01 7.393093872070312500e+01 -9.952068924903869629e-01 9.698266535997390747e-02 1.256198994815349579e-02 -4.581855237483978271e-01 9.773105382919311523e-02 9.909043312072753906e-01 9.250587970018386841e-02 1.696757316589355469e+00 0.000000000000000000e+00 0.000000000000000000e+00 0.000000000000000000e+00 1.000000000000000000e+00
-3.002735320478677750e-03 9.666098654270172119e-02 -9.953128099441528320e-01 7.449529266357421875e+01 -9.949554800987243652e-01 9.951525926589965820e-02 1.266619935631752014e-02 -4.686927199363708496e-01 1.002731472253799438e-01 9.903299212455749512e-01 9.587455540895462036e-02 1.715227723121643066e+00 0.000000000000000000e+00 0.000000000000000000e+00 0.000000000000000000e+00 1.000000000000000000e+00
-1.615669461898505688e-03 9.628147631883621216e-02 -9.953528642654418945e-01 7.506099700927734375e+01 -9.947884678840637207e-01 1.013206094503402710e-01 1.141559705138206482e-02 -4.815237224102020264e-01 1.019488796591758728e-01 9.901838302612304688e-01 9.561599791049957275e-02 1.675076961517333984e+00 0.000000000000000000e+00 0.000000000000000000e+00 0.000000000000000000e+00 1.000000000000000000e+00
-1.328788464888930321e-03 9.227470308542251587e-02 -9.957327842712402344e-01 7.565281677246093750e+01 -9.947618246078491211e-01 1.016543805599212646e-01 1.074781920760869980e-02 -4.959265589714050293e-01 1.022123545408248901e-01 9.905310869216918945e-01 9.165626764297485352e-02 1.655923247337341309e+00 0.000000000000000000e+00 0.000000000000000000e+00 0.000000000000000000e+00 1.000000000000000000e+00
-1.085054595023393631e-03 8.344748616218566895e-02 -9.965115785598754883e-01 7.625801086425781250e+01 -9.946781396865844727e-01 1.025773286819458008e-01 9.672842919826507568e-03 -4.909683465957641602e-01 1.030266806483268738e-01 9.912186264991760254e-01 8.289207518100738525e-02 1.627401947975158691e+00 0.000000000000000000e+00 0.000000000000000000e+00 0.000000000000000000e+00 1.000000000000000000e+00
-1.024347613565623760e-03 7.152269035577774048e-02 -9.974385499954223633e-01 7.688913726806640625e+01 -9.946947693824768066e-01 1.025306582450866699e-01 8.373631164431571960e-03 -5.010384321212768555e-01 1.028669402003288269e-01 9.921552538871765137e-01 7.103821635246276855e-02 1.591857910156250000e+00 0.000000000000000000e+00 0.000000000000000000e+00 0.000000000000000000e+00 1.000000000000000000e+00
-1.203568652272224426e-03 6.278717517852783203e-02 -9.980263113975524902e-01 7.748131561279296875e+01 -9.941659569740295410e-01 1.075682267546653748e-01 7.966175675392150879e-03 -4.964574277400970459e-01 1.078561022877693176e-01 9.922131299972534180e-01 6.229140236973762512e-02 1.581084728240966797e+00 0.000000000000000000e+00 0.000000000000000000e+00 0.000000000000000000e+00 1.000000000000000000e+00
-7.394828717224299908e-04 6.079615652561187744e-02 -9.981498718261718750e-01 7.808994293212890625e+01 -9.935708045959472656e-01 1.129565536975860596e-01 7.616142742335796356e-03 -5.008226633071899414e-01 1.132106184959411621e-01 9.917381405830383301e-01 6.032175198197364807e-02 1.553620815277099609e+00 0.000000000000000000e+00 0.000000000000000000e+00 0.000000000000000000e+00 1.000000000000000000e+00
2.129594795405864716e-04 6.378137320280075073e-02 -9.979639053344726562e-01 7.869664001464843750e+01 -9.932838678359985352e-01 1.154815927147865295e-01 7.168640382587909698e-03 -5.014489293098449707e-01 1.157036870718002319e-01 9.912597537040710449e-01 6.337758898735046387e-02 1.516693472862243652e+00 0.000000000000000000e+00 0.000000000000000000e+00 0.000000000000000000e+00 1.000000000000000000e+00
6.746698054485023022e-04 7.123043388128280640e-02 -9.974595904350280762e-01 7.928196716308593750e+01 -9.937518239021301270e-01 1.113758757710456848e-01 7.281396072357892990e-03 -5.377652645111083984e-01 1.116116195917129517e-01 9.912222623825073242e-01 7.086051255464553833e-02 1.517050623893737793e+00 0.000000000000000000e+00 0.000000000000000000e+00 0.000000000000000000e+00 1.000000000000000000e+00
1.392834470607340336e-03 7.853707671165466309e-02 -9.969102144241333008e-01 7.991619873046875000e+01 -9.938697218894958496e-01 1.103175058960914612e-01 7.302281912416219711e-03 -5.515564084053039551e-01 1.105501726269721985e-01 9.907885193824768066e-01 7.820926606655120850e-02 1.514809131622314453e+00 0.000000000000000000e+00 0.000000000000000000e+00 0.000000000000000000e+00 1.000000000000000000e+00
1.305560348555445671e-03 8.127948641777038574e-02 -9.966903924942016602e-01 8.052737426757812500e+01 -9.928646683692932129e-01 1.189509481191635132e-01 8.399823680520057678e-03 -5.382426381111145020e-01 1.192400008440017700e-01 9.895676970481872559e-01 8.085481822490692139e-02 1.473234057426452637e+00 0.000000000000000000e+00 0.000000000000000000e+00 0.000000000000000000e+00 1.000000000000000000e+00
6.234491593204438686e-04 7.358298450708389282e-02 -9.972890019416809082e-01 8.114664459228515625e+01 -9.923520088195800781e-01 1.231504306197166443e-01 8.466046303510665894e-03 -5.493243336677551270e-01 1.234395205974578857e-01 9.896563291549682617e-01 7.309699058532714844e-02 1.456290245056152344e+00 0.000000000000000000e+00 0.000000000000000000e+00 0.000000000000000000e+00 1.000000000000000000e+00
6.496944697573781013e-04 6.437252461910247803e-02 -9.979256987571716309e-01 8.173644256591796875e+01 -9.921931624412536621e-01 1.244924888014793396e-01 7.384588941931724548e-03 -5.359967947006225586e-01 1.247096136212348938e-01 9.901301860809326172e-01 6.395085155963897705e-02 1.430160999298095703e+00 0.000000000000000000e+00 0.000000000000000000e+00 0.000000000000000000e+00 1.000000000000000000e+00
1.014533103443682194e-03 5.943330377340316772e-02 -9.982318282127380371e-01 8.232927703857421875e+01 -9.927470088005065918e-01 1.200672611594200134e-01 6.139677483588457108e-03 -5.627377033233642578e-01 1.202198937535285950e-01 9.909850955009460449e-01 5.912404134869575500e-02 1.422077417373657227e+00 0.000000000000000000e+00 0.000000000000000000e+00 0.000000000000000000e+00 1.000000000000000000e+00
3.587180108297616243e-04 5.862293764948844910e-02 -9.982801079750061035e-01 8.293294525146484375e+01 -9.929367899894714355e-01 1.184615492820739746e-01 6.599729415029287338e-03 -5.771810412406921387e-01 1.186447143554687500e-01 9.912266135215759277e-01 5.825135856866836548e-02 1.395507574081420898e+00 0.000000000000000000e+00 0.000000000000000000e+00 0.000000000000000000e+00 1.000000000000000000e+00
-3.812393115367740393e-04 6.250064820051193237e-02 -9.980448484420776367e-01 8.352901458740234375e+01 -9.930836558341979980e-01 1.171558946371078491e-01 7.716006599366664886e-03 -5.911433100700378418e-01 1.174090877175331116e-01 9.911448955535888672e-01 6.202370673418045044e-02 1.383405327796936035e+00 0.000000000000000000e+00 0.000000000000000000e+00 0.000000000000000000e+00 1.000000000000000000e+00
7.740961154922842979e-05 6.760264933109283447e-02 -9.977122545242309570e-01 8.413315582275390625e+01 -9.929826855659484863e-01 1.179951131343841553e-01 7.918029092252254486e-03 -5.950250625610351562e-01 1.182604655623435974e-01 9.907103776931762695e-01 6.713739037513732910e-02 1.366025924682617188e+00 0.000000000000000000e+00 0.000000000000000000e+00 0.000000000000000000e+00 1.000000000000000000e+00
4.873192228842526674e-04 6.920726597309112549e-02 -9.976022243499755859e-01 8.470200347900390625e+01 -9.930312633514404297e-01 1.176024675369262695e-01 7.673421874642372131e-03 -6.077918410301208496e-01 1.178515478968620300e-01 9.906462430953979492e-01 6.878228485584259033e-02 1.357217669486999512e+00 0.000000000000000000e+00 0.000000000000000000e+00 0.000000000000000000e+00 1.000000000000000000e+00
1.806556829251348972e-04 6.799289584159851074e-02 -9.976857304573059082e-01 8.530191040039062500e+01 -9.928684830665588379e-01 1.189518123865127563e-01 7.926855236291885376e-03 -6.157282590866088867e-01 1.192155107855796814e-01 9.905692338943481445e-01 6.752948462963104248e-02 1.332115650177001953e+00 0.000000000000000000e+00 0.000000000000000000e+00 0.000000000000000000e+00 1.000000000000000000e+00
4.160381795372813940e-04 6.578890979290008545e-02 -9.978335499763488770e-01 8.588871765136718750e+01 -9.928610324859619141e-01 1.190463453531265259e-01 7.434969302266836166e-03 -6.233451366424560547e-01 1.192775890231132507e-01 9.907067418098449707e-01 6.536876410245895386e-02 1.310584187507629395e+00 0.000000000000000000e+00 0.000000000000000000e+00 0.000000000000000000e+00 1.000000000000000000e+00
6.449051434174180031e-04 6.512758880853652954e-02 -9.978767037391662598e-01 8.648811340332031250e+01 -9.929762482643127441e-01 1.181034594774246216e-01 7.066422607749700546e-03 -6.506329774856567383e-01 1.183129325509071350e-01 9.908632040023803711e-01 6.474631279706954956e-02 1.302695751190185547e+00 0.000000000000000000e+00 0.000000000000000000e+00 0.000000000000000000e+00 1.000000000000000000e+00
5.452681216411292553e-04 6.783015280961990356e-02 -9.976966977119445801e-01 8.706394195556640625e+01 -9.933260679244995117e-01 1.151107326149940491e-01 7.283124141395092010e-03 -6.799107193946838379e-01 1.153396293520927429e-01 9.910340905189514160e-01 6.744021922349929810e-02 1.297002911567687988e+00 0.000000000000000000e+00 0.000000000000000000e+00 0.000000000000000000e+00 1.000000000000000000e+00
-6.382197170751169324e-05 6.826654821634292603e-02 -9.976671338081359863e-01 8.790879058837890625e+01 -9.934853911399841309e-01 1.136903092265129089e-01 7.842946797609329224e-03 -7.126538753509521484e-01 1.139604970812797546e-01 9.911681413650512695e-01 6.781455129384994507e-02 1.257048964500427246e+00 0.000000000000000000e+00 0.000000000000000000e+00 0.000000000000000000e+00 1.000000000000000000e+00
-5.444871567306108773e-05 6.604169309139251709e-02 -9.978169202804565430e-01 8.868918609619140625e+01 -9.933447241783142090e-01 1.149257943034172058e-01 7.660705596208572388e-03 -7.335221171379089355e-01 1.151808500289916992e-01 9.911763668060302734e-01 6.559590250253677368e-02 1.230699419975280762e+00 0.000000000000000000e+00 0.000000000000000000e+00 0.000000000000000000e+00 1.000000000000000000e+00
5.030646934756077826e-05 6.460870802402496338e-02 -9.979105591773986816e-01 8.943578338623046875e+01 -9.932648539543151855e-01 1.156281903386116028e-01 7.436156738549470901e-03 -7.344552874565124512e-01 1.158670634031295776e-01 9.911890029907226562e-01 6.417936831712722778e-02 1.207169175148010254e+00 0.000000000000000000e+00 0.000000000000000000e+00 0.000000000000000000e+00 1.000000000000000000e+00
6.081495666876435280e-04 6.404308974742889404e-02 -9.979469180107116699e-01 9.016455078125000000e+01 -9.931617379188537598e-01 1.165447011590003967e-01 6.874004844576120377e-03 -7.412173151969909668e-01 1.167456805706024170e-01 9.911184310913085938e-01 6.367602199316024780e-02 1.166126847267150879e+00 0.000000000000000000e+00 0.000000000000000000e+00 0.000000000000000000e+00 1.000000000000000000e+00
1.181979081593453884e-03 6.394965946674346924e-02 -9.979525208473205566e-01 9.090216064453125000e+01 -9.933688640594482422e-01 1.148062124848365784e-01 6.180331576615571976e-03 -7.592473626136779785e-01 1.149663850665092468e-01 9.913274049758911133e-01 6.366129219532012939e-02 1.126785755157470703e+00 0.000000000000000000e+00 0.000000000000000000e+00 0.000000000000000000e+00 1.000000000000000000e+00
2.158751245588064194e-03 6.277139484882354736e-02 -9.980255961418151855e-01 9.160533142089843750e+01 -9.935696125030517578e-01 1.131154298782348633e-01 4.965349566191434860e-03 -7.708936929702758789e-01 1.132038161158561707e-01 9.915969371795654297e-01 6.261193752288818359e-02 1.111274838447570801e+00 0.000000000000000000e+00 0.000000000000000000e+00 0.000000000000000000e+00 1.000000000000000000e+00
1.705715199932456017e-03 6.530932337045669556e-02 -9.978636503219604492e-01 9.233466339111328125e+01 -9.937004446983337402e-01 1.119285449385643005e-01 5.627029109746217728e-03 -7.782994508743286133e-01 1.120569333434104919e-01 9.915677905082702637e-01 6.508881598711013794e-02 1.081846117973327637e+00 0.000000000000000000e+00 0.000000000000000000e+00 0.000000000000000000e+00 1.000000000000000000e+00
1.889360952191054821e-03 6.853923946619033813e-02 -9.976465702056884766e-01 9.305567932128906250e+01 -9.933371543884277344e-01 1.150880157947540283e-01 6.025452632457017899e-03 -7.658783793449401855e-01 1.152301654219627380e-01 9.909878969192504883e-01 6.830000877380371094e-02 1.063963890075683594e+00 0.000000000000000000e+00 0.000000000000000000e+00 0.000000000000000000e+00 1.000000000000000000e+00
3.349822014570236206e-03 6.973324716091156006e-02 -9.975600242614746094e-01 9.373502349853515625e+01 -9.933919906616210938e-01 1.146766170859336853e-01 4.680507816374301910e-03 -7.732485532760620117e-01 1.147232204675674438e-01 9.909523129463195801e-01 6.965658813714981079e-02 1.019187808036804199e+00 0.000000000000000000e+00 0.000000000000000000e+00 0.000000000000000000e+00 1.000000000000000000e+00
4.426382482051849365e-03 7.272035628557205200e-02 -9.973425865173339844e-01 9.439101409912109375e+01 -9.936836361885070801e-01 1.121560558676719666e-01 3.767618443816900253e-03 -7.897383570671081543e-01 1.121320277452468872e-01 9.910260438919067383e-01 7.275746017694473267e-02 9.835349321365356445e-01 0.000000000000000000e+00 0.000000000000000000e+00 0.000000000000000000e+00 1.000000000000000000e+00
6.234890315681695938e-03 7.410994172096252441e-02 -9.972306489944458008e-01 9.511591339111328125e+01 -9.935913681983947754e-01 1.130115836858749390e-01 2.186403376981616020e-03 -7.957534193992614746e-01 1.128606647253036499e-01 9.908260107040405273e-01 7.433960586786270142e-02 9.481213092803955078e-01 0.000000000000000000e+00 0.000000000000000000e+00 0.000000000000000000e+00 1.000000000000000000e+00
8.115068078041076660e-03 7.309587299823760986e-02 -9.972918629646301270e-01 9.579567718505859375e+01 -9.933283329010009766e-01 1.153207719326019287e-01 3.695468185469508171e-04 -7.869498133659362793e-01 1.150354966521263123e-01 9.906351566314697266e-01 7.354403287172317505e-02 9.398300051689147949e-01 0.000000000000000000e+00 0.000000000000000000e+00 0.000000000000000000e+00 1.000000000000000000e+00
1.063497271388769150e-02 7.293074578046798706e-02 -9.972803592681884766e-01 9.645410919189453125e+01 -9.931382536888122559e-01 1.169294714927673340e-01 -2.039792248979210854e-03 -7.886828780174255371e-01 1.164627075195312500e-01 9.904587864875793457e-01 7.367384433746337891e-02 8.968775272369384766e-01 0.000000000000000000e+00 0.000000000000000000e+00 0.000000000000000000e+00 1.000000000000000000e+00
1.288892794400453568e-02 7.147015631198883057e-02 -9.973594546318054199e-01 9.710038757324218750e+01 -9.931056499481201172e-01 1.171392276883125305e-01 -4.439834039658308029e-03 -7.604176998138427734e-01 1.165126040577888489e-01 9.905405044555664062e-01 7.248721271753311157e-02 8.590421080589294434e-01 0.000000000000000000e+00 0.000000000000000000e+00 0.000000000000000000e+00 1.000000000000000000e+00
1.475205272436141968e-02 6.728462129831314087e-02 -9.976248145103454590e-01 9.776835632324218750e+01 -9.931795001029968262e-01 1.163962185382843018e-01 -6.835997104644775391e-03 -7.846456766128540039e-01 1.156598180532455444e-01 9.909211397171020508e-01 6.854277849197387695e-02 8.195266127586364746e-01 0.000000000000000000e+00 0.000000000000000000e+00 0.000000000000000000e+00 1.000000000000000000e+00
1.649479381740093231e-02 6.258472800254821777e-02 -9.979032874107360840e-01 9.844468688964843750e+01 -9.932945966720581055e-01 1.152454167604446411e-01 -9.190856479108333588e-03 -7.769767642021179199e-01 1.144285947084426880e-01 9.913635253906250000e-01 6.406601518392562866e-02 8.093245029449462891e-01 0.000000000000000000e+00 0.000000000000000000e+00 0.000000000000000000e+00 1.000000000000000000e+00
1.795987226068973541e-02 6.121814250946044922e-02 -9.979627132415771484e-01 9.910398864746093750e+01 -9.932920336723327637e-01 1.151265576481819153e-01 -1.081359293311834335e-02 -7.567346096038818359e-01 1.142300441861152649e-01 9.914625883102416992e-01 6.287514418363571167e-02 7.807525396347045898e-01 0.000000000000000000e+00 0.000000000000000000e+00 0.000000000000000000e+00 1.000000000000000000e+00
1.859248615801334381e-02 5.963646247982978821e-02 -9.980469942092895508e-01 9.975286865234375000e+01 -9.931228160858154297e-01 1.165075078606605530e-01 -1.153906434774398804e-02 -7.436378002166748047e-01 1.155918166041374207e-01 9.913977980613708496e-01 6.139248982071876526e-02 7.550452351570129395e-01 0.000000000000000000e+00 0.000000000000000000e+00 0.000000000000000000e+00 1.000000000000000000e+00
2.034430764615535736e-02 5.749399214982986450e-02 -9.981384873390197754e-01 1.003743515014648438e+02 -9.928989410400390625e-01 1.182009801268577576e-01 -1.342899445444345474e-02 -7.380554676055908203e-01 1.172088757157325745e-01 9.913238883018493652e-01 5.949043482542037964e-02 7.252461314201354980e-01 0.000000000000000000e+00 0.000000000000000000e+00 0.000000000000000000e+00 1.000000000000000000e+00
2.165199257433414459e-02 5.779916420578956604e-02 -9.980933666229248047e-01 1.009875259399414062e+02 -9.932196140289306641e-01 1.152997538447380066e-01 -1.486930064857006073e-02 -7.490250468254089355e-01 1.142205074429512024e-01 9.916477203369140625e-01 5.990372598171234131e-02 6.897341609001159668e-01 0.000000000000000000e+00 0.000000000000000000e+00 0.000000000000000000e+00 1.000000000000000000e+00
2.213909290730953217e-02 6.214520707726478577e-02 -9.978215098381042480e-01 1.015865631103515625e+02 -9.935480356216430664e-01 1.124111041426658630e-01 -1.504320930689573288e-02 -7.652483582496643066e-01 1.112313717603683472e-01 9.917165040969848633e-01 6.423292309045791626e-02 6.788119077682495117e-01 0.000000000000000000e+00 0.000000000000000000e+00 0.000000000000000000e+00 1.000000000000000000e+00
2.203395590186119080e-02 6.490501016378402710e-02 -9.976481795310974121e-01 1.022030258178710938e+02 -9.936392903327941895e-01 1.116499975323677063e-01 -1.468168944120407104e-02 -7.629985213279724121e-01 1.104345172643661499e-01 9.916257858276367188e-01 6.695225089788436890e-02 6.678143739700317383e-01 0.000000000000000000e+00 0.000000000000000000e+00 0.000000000000000000e+00 1.000000000000000000e+00
2.212429419159889221e-02 6.610101461410522461e-02 -9.975677132606506348e-01 1.027993774414062500e+02 -9.935533404350280762e-01 1.124245002865791321e-01 -1.458577159792184830e-02 -7.340551018714904785e-01 1.111869215965270996e-01 9.914592504501342773e-01 6.816218793392181396e-02 6.409089565277099609e-01 0.000000000000000000e+00 0.000000000000000000e+00 0.000000000000000000e+00 1.000000000000000000e+00
2.226215228438377380e-02 6.684820353984832764e-02 -9.975147247314453125e-01 1.034070587158203125e+02 -9.935957789421081543e-01 1.120378673076629639e-01 -1.466649957001209259e-02 -7.165902256965637207e-01 1.107790023088455200e-01 9.914528727531433105e-01 6.891428679227828979e-02 6.148856282234191895e-01 0.000000000000000000e+00 0.000000000000000000e+00 0.000000000000000000e+00 1.000000000000000000e+00
2.217030338943004608e-02 6.739538908004760742e-02 -9.974799156188964844e-01 1.039996643066406250e+02 -9.933362007141113281e-01 1.143563315272331238e-01 -1.435164362192153931e-02 -7.068891525268554688e-01 1.131009235978126526e-01 9.911510944366455078e-01 6.948158144950866699e-02 5.958803892135620117e-01 0.000000000000000000e+00 0.000000000000000000e+00 0.000000000000000000e+00 1.000000000000000000e+00
2.257902733981609344e-02 6.655721366405487061e-02 -9.975271821022033691e-01 1.045915908813476562e+02 -9.933689832687377930e-01 1.140043213963508606e-01 -1.487828977406024933e-02 -6.935650706291198730e-01 1.127321496605873108e-01 9.912483692169189453e-01 6.868996471166610718e-02 5.558067560195922852e-01 0.000000000000000000e+00 0.000000000000000000e+00 0.000000000000000000e+00 1.000000000000000000e+00
2.344879508018493652e-02 6.708820164203643799e-02 -9.974714517593383789e-01 1.051544189453125000e+02 -9.933692216873168945e-01 1.138929873704910278e-01 -1.569211483001708984e-02 -6.882826089859008789e-01 1.125522628426551819e-01 9.912253022193908691e-01 6.931399554014205933e-02 5.335608720779418945e-01 0.000000000000000000e+00 0.000000000000000000e+00 0.000000000000000000e+00 1.000000000000000000e+00
2.282151952385902405e-02 6.809422373771667480e-02 -9.974179267883300781e-01 1.057429580688476562e+02 -9.933741688728332520e-01 1.139497831463813782e-01 -1.494958717375993729e-02 -6.740736961364746094e-01 1.126375943422317505e-01 9.911501407623291016e-01 7.024354487657546997e-02 5.135176181793212891e-01 0.000000000000000000e+00 0.000000000000000000e+00 0.000000000000000000e+00 1.000000000000000000e+00
2.292812615633010864e-02 6.878304481506347656e-02 -9.973681569099426270e-01 1.063284835815429688e+02 -9.933235049247741699e-01 1.143907010555267334e-01 -1.494624465703964233e-02 -6.641117930412292480e-01 1.130615994334220886e-01 9.910517930984497070e-01 7.094656676054000854e-02 4.802720546722412109e-01 0.000000000000000000e+00 0.000000000000000000e+00 0.000000000000000000e+00 1.000000000000000000e+00
2.318170666694641113e-02 6.827331334352493286e-02 -9.973973631858825684e-01 1.068811187744140625e+02 -9.934575557708740234e-01 1.131675466895103455e-01 -1.534365769475698471e-02 -6.622944474220275879e-01 1.118254512548446655e-01 9.912275075912475586e-01 7.045004516839981079e-02 4.471586644649505615e-01 0.000000000000000000e+00 0.000000000000000000e+00 0.000000000000000000e+00 1.000000000000000000e+00
2.297076769173145294e-02 6.788030266761779785e-02 -9.974290132522583008e-01 1.074583587646484375e+02 -9.933581352233886719e-01 1.140675917267799377e-01 -1.511411461979150772e-02 -6.521610021591186523e-01 1.127483844757080078e-01 9.911512732505798340e-01 7.004966586828231812e-02 4.245742261409759521e-01 0.000000000000000000e+00 0.000000000000000000e+00 0.000000000000000000e+00 1.000000000000000000e+00
2.188361436128616333e-02 6.643630564212799072e-02 -9.975507259368896484e-01 1.080298233032226562e+02 -9.933789372444152832e-01 1.140041500329971313e-01 -1.419948600232601166e-02 -6.342692375183105469e-01 1.127815693616867065e-01 9.912564158439636230e-01 6.849124282598495483e-02 3.976735472679138184e-01 0.000000000000000000e+00 0.000000000000000000e+00 0.000000000000000000e+00 1.000000000000000000e+00
2.166601084172725677e-02 6.583737581968307495e-02 -9.975951313972473145e-01 1.086251296997070312e+02 -9.932930469512939453e-01 1.147748678922653198e-01 -1.399788353592157364e-02 -6.282873153686523438e-01 1.135772839188575745e-01 9.912073612213134766e-01 6.788250803947448730e-02 3.729784488677978516e-01 0.000000000000000000e+00 0.000000000000000000e+00 0.000000000000000000e+00 1.000000000000000000e+00
2.093370258808135986e-02 6.806394457817077637e-02 -9.974613785743713379e-01 1.091714401245117188e+02 -9.930269122123718262e-01 1.171873062849044800e-01 -1.284410804510116577e-02 -6.077574491500854492e-01 1.160155907273292542e-01 9.907746911048889160e-01 7.004249095916748047e-02 3.468172848224639893e-01 0.000000000000000000e+00 0.000000000000000000e+00 0.000000000000000000e+00 1.000000000000000000e+00
1.939063146710395813e-02 6.815107166767120361e-02 -9.974866509437561035e-01 1.097337493896484375e+02 -9.926692247390747070e-01 1.203557848930358887e-01 -1.107393857091665268e-02 -5.830846428871154785e-01 1.192985996603965759e-01 9.903888106346130371e-01 6.998524069786071777e-02 3.311242759227752686e-01 0.000000000000000000e+00 0.000000000000000000e+00 0.000000000000000000e+00 1.000000000000000000e+00
1.631720550358295441e-02 6.759953498840332031e-02 -9.975790381431579590e-01 1.102688064575195312e+02 -9.927477240562438965e-01 1.199433952569961548e-01 -8.110383525490760803e-03 -5.893022418022155762e-01 1.191047802567481995e-01 9.904764890670776367e-01 6.906642019748687744e-02 2.893537580966949463e-01 0.000000000000000000e+00 0.000000000000000000e+00 0.000000000000000000e+00 1.000000000000000000e+00
1.425744872540235519e-02 6.646030396223068237e-02 -9.976872205734252930e-01 1.108447799682617188e+02 -9.929335117340087891e-01 1.185057014226913452e-01 -6.295335944741964340e-03 -5.781674981117248535e-01 1.178132370114326477e-01 9.907267689704895020e-01 6.768023967742919922e-02 2.690686285495758057e-01 0.000000000000000000e+00 0.000000000000000000e+00 0.000000000000000000e+00 1.000000000000000000e+00
1.220254134386777878e-02 6.691900640726089478e-02 -9.976838827133178711e-01 1.113742370605468750e+02 -9.932143092155456543e-01 1.162183061242103577e-01 -4.352605901658535004e-03 -5.833521485328674316e-01 1.156578660011291504e-01 9.909667968750000000e-01 6.788306683301925659e-02 2.434633970260620117e-01 0.000000000000000000e+00 0.000000000000000000e+00 0.000000000000000000e+00 1.000000000000000000e+00
9.653590619564056396e-03 6.604151427745819092e-02 -9.977700710296630859e-01 1.119315261840820312e+02 -9.932951331138610840e-01 1.155902966856956482e-01 -1.959476154297590256e-03 -5.892878174781799316e-01 1.152031570672988892e-01 9.910990595817565918e-01 6.671456247568130493e-02 2.362489849328994751e-01 0.000000000000000000e+00 0.000000000000000000e+00 0.000000000000000000e+00 1.000000000000000000e+00
8.262808434665203094e-03 6.661294400691986084e-02 -9.977446794509887695e-01 1.124776153564453125e+02 -9.931896328926086426e-01 1.165091097354888916e-01 -4.465285455808043480e-04 -5.876755714416503906e-01 1.162166073918342590e-01 9.909532666206359863e-01 6.712196767330169678e-02 2.284690886735916138e-01 0.000000000000000000e+00 0.000000000000000000e+00 0.000000000000000000e+00 1.000000000000000000e+00
6.790946237742900848e-03 6.859656423330307007e-02 -9.976212382316589355e-01 1.130122528076171875e+02 -9.929026365280151367e-01 1.189220547676086426e-01 1.418268191628158092e-03 -5.571446418762207031e-01 1.187364682555198669e-01 9.905312061309814453e-01 6.891730427742004395e-02 1.877580285072326660e-01 0.000000000000000000e+00 0.000000000000000000e+00 0.000000000000000000e+00 1.000000000000000000e+00
5.147162359207868576e-03 6.895598769187927246e-02 -9.976063966751098633e-01 1.135456619262695312e+02 -9.926543235778808594e-01 1.209424436092376709e-01 3.238102421164512634e-03 -5.612829923629760742e-01 1.208762526512145996e-01 9.902615547180175781e-01 6.907196342945098877e-02 1.741274893283843994e-01 0.000000000000000000e+00 0.000000000000000000e+00 0.000000000000000000e+00 1.000000000000000000e+00
4.472669679671525955e-03 6.813598424196243286e-02 -9.976660609245300293e-01 1.140563735961914062e+02 -9.926637411117553711e-01 1.208497360348701477e-01 3.803236875683069229e-03 -5.674096941947937012e-01 1.208268478512763977e-01 9.903296232223510742e-01 6.817663460969924927e-02 1.487035304307937622e-01 0.000000000000000000e+00 0.000000000000000000e+00 0.000000000000000000e+00 1.000000000000000000e+00
3.145744325593113899e-03 6.829413026571273804e-02 -9.976602196693420410e-01 1.145520019531250000e+02 -9.927140474319458008e-01 1.203864216804504395e-01 5.110818892717361450e-03 -5.700430870056152344e-01 1.204537898302078247e-01 9.903751611709594727e-01 6.817524135112762451e-02 1.401286721229553223e-01 0.000000000000000000e+00 0.000000000000000000e+00 0.000000000000000000e+00 1.000000000000000000e+00
1.672916579991579056e-03 6.945081055164337158e-02 -9.975840449333190918e-01 1.150411682128906250e+02 -9.927754998207092285e-01 1.198022961616516113e-01 6.675665266811847687e-03 -5.729309320449829102e-01 1.199764981865882874e-01 9.903656244277954102e-01 6.914947926998138428e-02 1.134928688406944275e-01 0.000000000000000000e+00 0.000000000000000000e+00 0.000000000000000000e+00 1.000000000000000000e+00
4.476605681702494621e-04 7.048629969358444214e-02 -9.975126385688781738e-01 1.155012741088867188e+02 -9.929128289222717285e-01 1.185800731182098389e-01 7.933514192700386047e-03 -5.815410614013671875e-01 1.188443228602409363e-01 9.904395937919616699e-01 7.003982365131378174e-02 9.610186517238616943e-02 0.000000000000000000e+00 0.000000000000000000e+00 0.000000000000000000e+00 1.000000000000000000e+00
-8.920684922486543655e-04 7.037308067083358765e-02 -9.975202679634094238e-01 1.159713058471679688e+02 -9.928255081176757812e-01 1.192104965448379517e-01 9.297931566834449768e-03 -5.794706940650939941e-01 1.195692047476768494e-01 9.903718829154968262e-01 6.976183503866195679e-02 8.284877985715866089e-02 0.000000000000000000e+00 0.000000000000000000e+00 0.000000000000000000e+00 1.000000000000000000e+00
-2.120592631399631500e-03 6.975074112415313721e-02 -9.975621700286865234e-01 1.164109115600585938e+02 -9.926410913467407227e-01 1.206345260143280029e-01 1.054504234343767166e-02 -5.828832387924194336e-01 1.210759803652763367e-01 9.902434349060058594e-01 6.898163259029388428e-02 5.345138907432556152e-02 0.000000000000000000e+00 0.000000000000000000e+00 0.000000000000000000e+00 1.000000000000000000e+00
-3.171843243762850761e-03 6.973733752965927124e-02 -9.975603222846984863e-01 1.168343963623046875e+02 -9.927790164947509766e-01 1.194053813815116882e-01 1.150401681661605835e-02 -5.813122987747192383e-01 1.199163347482681274e-01 9.903933405876159668e-01 6.885501742362976074e-02 3.993010893464088440e-02 0.000000000000000000e+00 0.000000000000000000e+00 0.000000000000000000e+00 1.000000000000000000e+00
-4.024793393909931183e-03 7.037191092967987061e-02 -9.975127577781677246e-01 1.172555084228515625e+02 -9.926455020904541016e-01 1.204122006893157959e-01 1.249992195516824722e-02 -5.913246273994445801e-01 1.209923699498176575e-01 9.902265667915344238e-01 6.936971843242645264e-02 2.780447900295257568e-02 0.000000000000000000e+00 0.000000000000000000e+00 0.000000000000000000e+00 1.000000000000000000e+00
-5.347079597413539886e-03 7.032492011785507202e-02 -9.975098967552185059e-01 1.176640548706054688e+02 -9.927031993865966797e-01 1.197959855198860168e-01 1.376698818057775497e-02 -6.001613736152648926e-01 1.204658374190330505e-01 9.903047084808349609e-01 6.917120516300201416e-02 1.454506721347570419e-02 0.000000000000000000e+00 0.000000000000000000e+00 0.000000000000000000e+00 1.000000000000000000e+00
-6.209868937730789185e-03 6.997711211442947388e-02 -9.975291490554809570e-01 1.180743560791015625e+02 -9.926563501358032227e-01 1.200841143727302551e-01 1.460348442196846008e-02 -5.963931679725646973e-01 1.208093166351318359e-01 9.902943968772888184e-01 6.871750205755233765e-02 7.387757301330566406e-03 0.000000000000000000e+00 0.000000000000000000e+00 0.000000000000000000e+00 1.000000000000000000e+00
-7.132161874324083328e-03 7.042132318019866943e-02 -9.974917769432067871e-01 1.184301376342773438e+02 -9.926168918609619141e-01 1.202862486243247986e-01 1.558932103216648102e-02 -6.002410650253295898e-01 1.210823655128479004e-01 9.902384281158447266e-01 6.904348731040954590e-02 -1.817754097282886505e-02 0.000000000000000000e+00 0.000000000000000000e+00 0.000000000000000000e+00 1.000000000000000000e+00
-8.367706090211868286e-03 7.090947031974792480e-02 -9.974477291107177734e-01 1.188059005737304688e+02 -9.927210807800292969e-01 1.192588955163955688e-01 1.680627837777137756e-02 -6.148373484611511230e-01 1.201462373137474060e-01 9.903278350830078125e-01 6.939538568258285522e-02 -2.583777531981468201e-02 0.000000000000000000e+00 0.000000000000000000e+00 0.000000000000000000e+00 1.000000000000000000e+00
-8.860718458890914917e-03 7.075369358062744141e-02 -9.974544644355773926e-01 1.191815032958984375e+02 -9.927031993865966797e-01 1.193396151065826416e-01 1.728377863764762878e-02 -6.322779655456542969e-01 1.202587336301803589e-01 9.903292059898376465e-01 6.917996704578399658e-02 -4.628658294677734375e-02 0.000000000000000000e+00 0.000000000000000000e+00 0.000000000000000000e+00 1.000000000000000000e+00
-9.985211305320262909e-03 6.940985471010208130e-02 -9.975382685661315918e-01 1.194992294311523438e+02 -9.926993250846862793e-01 1.192304491996765137e-01 1.823296397924423218e-02 -6.209943294525146484e-01 1.202024966478347778e-01 9.904374480247497559e-01 6.771256029605865479e-02 -5.018118023872375488e-02 0.000000000000000000e+00 0.000000000000000000e+00 0.000000000000000000e+00 1.000000000000000000e+00
-1.116826105862855911e-02 6.996329873800277710e-02 -9.974870085716247559e-01 1.198475112915039062e+02 -9.926591515541076660e-01 1.193661466240882874e-01 1.948649249970912933e-02 -6.362246274948120117e-01 1.204295381903648376e-01 9.903821945190429688e-01 6.811658293008804321e-02 -5.968184769153594971e-02 0.000000000000000000e+00 0.000000000000000000e+00 0.000000000000000000e+00 1.000000000000000000e+00
-1.115793175995349884e-02 7.013268023729324341e-02 -9.974752068519592285e-01 1.201641998291015625e+02 -9.926912784576416016e-01 1.190997585654258728e-01 1.947834342718124390e-02 -6.401982903480529785e-01 1.201651394367218018e-01 9.904022216796875000e-01 6.829118728637695312e-02 -7.934653759002685547e-02 0.000000000000000000e+00 0.000000000000000000e+00 0.000000000000000000e+00 1.000000000000000000e+00
-1.101062633097171783e-02 6.998227536678314209e-02 -9.974874854087829590e-01 1.204577560424804688e+02 -9.927545785903930664e-01 1.186032667756080627e-01 1.927941665053367615e-02 -6.497693061828613281e-01 1.196544840931892395e-01 9.904725551605224609e-01 6.816931813955307007e-02 -9.105314314365386963e-02 0.000000000000000000e+00 0.000000000000000000e+00 0.000000000000000000e+00 1.000000000000000000e+00
-1.221126597374677658e-02 6.818597763776779175e-02 -9.975979328155517578e-01 1.207530746459960938e+02 -9.928349256515502930e-01 1.177748143672943115e-01 2.020289190113544464e-02 -6.487885713577270508e-01 1.188694760203361511e-01 9.906966090202331543e-01 6.625923514366149902e-02 -9.764046967029571533e-02 0.000000000000000000e+00 0.000000000000000000e+00 0.000000000000000000e+00 1.000000000000000000e+00
-1.295905746519565582e-02 6.790367513895034790e-02 -9.976076483726501465e-01 1.210472259521484375e+02 -9.928704500198364258e-01 1.173554733395576477e-01 2.088549733161926270e-02 -6.649439334869384766e-01 1.184929460287094116e-01 9.907656908035278320e-01 6.589872390031814575e-02 -1.081636995077133179e-01 0.000000000000000000e+00 0.000000000000000000e+00 0.000000000000000000e+00 1.000000000000000000e+00
-1.353270187973976135e-02 6.663967669010162354e-02 -9.976853132247924805e-01 1.213376617431640625e+02 -9.929438233375549316e-01 1.166652590036392212e-01 2.126096002757549286e-02 -6.793180108070373535e-01 1.178120598196983337e-01 9.909330606460571289e-01 6.459065526723861694e-02 -1.121459752321243286e-01 0.000000000000000000e+00 0.000000000000000000e+00 0.000000000000000000e+00 1.000000000000000000e+00
-1.417889259755611420e-02 6.643960624933242798e-02 -9.976897239685058594e-01 1.216107406616210938e+02 -9.928054809570312500e-01 1.177106723189353943e-01 2.194823883473873138e-02 -6.781503558158874512e-01 1.188969686627388000e-01 9.908229112625122070e-01 6.429258733987808228e-02 -1.304162591695785522e-01 0.000000000000000000e+00 0.000000000000000000e+00 0.000000000000000000e+00 1.000000000000000000e+00
-1.556384656578302383e-02 6.475367397069931030e-02 -9.977798461914062500e-01 1.218717880249023438e+02 -9.926986098289489746e-01 1.183765679597854614e-01 2.316695824265480042e-02 -6.722354292869567871e-01 1.196139380335807800e-01 9.908550977706909180e-01 6.243847683072090149e-02 -1.351831853389739990e-01 0.000000000000000000e+00 0.000000000000000000e+00 0.000000000000000000e+00 1.000000000000000000e+00
-1.683897711336612701e-02 6.439664214849472046e-02 -9.977822303771972656e-01 1.221373672485351562e+02 -9.927008152008056641e-01 1.181143671274185181e-01 2.437629550695419312e-02 -6.891855001449584961e-01 1.194221749901771545e-01 9.909096956253051758e-01 6.193767115473747253e-02 -1.553494483232498169e-01 0.000000000000000000e+00 0.000000000000000000e+00 0.000000000000000000e+00 1.000000000000000000e+00
-1.899964734911918640e-02 6.418351829051971436e-02 -9.977572560310363770e-01 1.223923416137695312e+02 -9.927435517311096191e-01 1.173069700598716736e-01 2.645027451217174530e-02 -6.862505674362182617e-01 1.187415719032287598e-01 9.910194277763366699e-01 6.148897856473922729e-02 -1.487309485673904419e-01 0.000000000000000000e+00 0.000000000000000000e+00 0.000000000000000000e+00 1.000000000000000000e+00
-2.104807272553443909e-02 6.391702592372894287e-02 -9.977332353591918945e-01 1.226518859863281250e+02 -9.927486777305603027e-01 1.168000102043151855e-01 2.842538803815841675e-02 -7.005315423011779785e-01 1.183521226048469543e-01 9.910966157913208008e-01 6.099512428045272827e-02 -1.564700305461883545e-01 0.000000000000000000e+00 0.000000000000000000e+00 0.000000000000000000e+00 1.000000000000000000e+00
-2.187671698629856110e-02 6.528647989034652710e-02 -9.976266622543334961e-01 1.229347457885742188e+02 -9.924267530441284180e-01 1.192275509238243103e-01 2.956515178084373474e-02 -6.983252167701721191e-01 1.208748072385787964e-01 9.907181262969970703e-01 6.218373030424118042e-02 -1.722493022680282593e-01 0.000000000000000000e+00 0.000000000000000000e+00 0.000000000000000000e+00 1.000000000000000000e+00
-2.229159325361251831e-02 6.454124301671981812e-02 -9.976660609245300293e-01 1.231724166870117188e+02 -9.924764037132263184e-01 1.187406629323959351e-01 2.985723689198493958e-02 -7.046610713005065918e-01 1.203905493021011353e-01 9.908255338668823242e-01 6.140873581171035767e-02 -1.857950389385223389e-01 0.000000000000000000e+00 0.000000000000000000e+00 0.000000000000000000e+00 1.000000000000000000e+00
-2.384545095264911652e-02 6.457021832466125488e-02 -9.976282119750976562e-01 1.233913116455078125e+02 -9.926664233207702637e-01 1.167683079838752747e-01 3.128453344106674194e-02 -7.086032629013061523e-01 1.185114085674285889e-01 9.910579919815063477e-01 6.131228804588317871e-02 -1.902572512626647949e-01 0.000000000000000000e+00 0.000000000000000000e+00 0.000000000000000000e+00 1.000000000000000000e+00
-2.486710809171199799e-02 6.446073204278945923e-02 -9.976104497909545898e-01 1.236599884033203125e+02 -9.927963018417358398e-01 1.154067516326904297e-01 3.220413252711296082e-02 -7.183795571327209473e-01 1.172068789601325989e-01 9.912245869636535645e-01 6.112653017044067383e-02 -2.014650404453277588e-01 0.000000000000000000e+00 0.000000000000000000e+00 0.000000000000000000e+00 1.000000000000000000e+00
-2.501194179058074951e-02 6.358728557825088501e-02 -9.976628422737121582e-01 1.239187850952148438e+02 -9.927537441253662109e-01 1.157544478774070740e-01 3.226662427186965942e-02 -7.281543612480163574e-01 1.175356581807136536e-01 9.912405014038085938e-01 6.023126468062400818e-02 -2.013051807880401611e-01 0.000000000000000000e+00 0.000000000000000000e+00 0.000000000000000000e+00 1.000000000000000000e+00
-2.422358281910419464e-02 6.318584829568862915e-02 -9.977077245712280273e-01 1.241615066528320312e+02 -9.926739335060119629e-01 1.166496053338050842e-01 3.148890286684036255e-02 -7.330351471900939941e-01 1.183718815445899963e-01 9.911611080169677734e-01 5.989726632833480835e-02 -2.070714086294174194e-01 0.000000000000000000e+00 0.000000000000000000e+00 0.000000000000000000e+00 1.000000000000000000e+00
-2.367494441568851471e-02 6.148522719740867615e-02 -9.978271722793579102e-01 1.243898391723632812e+02 -9.927124381065368652e-01 1.165228709578514099e-01 3.073362447321414948e-02 -7.473766803741455078e-01 1.181593537330627441e-01 9.912829995155334473e-01 5.827847123146057129e-02 -2.164082825183868408e-01 0.000000000000000000e+00 0.000000000000000000e+00 0.000000000000000000e+00 1.000000000000000000e+00
-2.491997927427291870e-02 5.961956083774566650e-02 -9.979100227355957031e-01 1.246451492309570312e+02 -9.926287531852722168e-01 1.169552803039550781e-01 3.177552297711372375e-02 -7.510467171669006348e-01 1.186052858829498291e-01 9.913461208343505859e-01 5.626555904746055603e-02 -2.259232699871063232e-01 0.000000000000000000e+00 0.000000000000000000e+00 0.000000000000000000e+00 1.000000000000000000e+00
-2.487787231802940369e-02 5.739879235625267029e-02 -9.980412721633911133e-01 1.249039764404296875e+02 -9.926829934120178223e-01 1.165826916694641113e-01 3.144914656877517700e-02 -7.582832574844360352e-01 1.181594878435134888e-01 9.915210008621215820e-01 5.407847091555595398e-02 -2.418583929538726807e-01 0.000000000000000000e+00 0.000000000000000000e+00 0.000000000000000000e+00 1.000000000000000000e+00
