6.126490887254476547e-03 -1.702624186873435974e-02 9.998362660408020020e-01 1.538666725158691406e+00 -9.999681711196899414e-01 5.010883789509534836e-03 6.212629377841949463e-03 -2.493885718286037445e-02 -5.115841049700975418e-03 -9.998424649238586426e-01 -1.699500158429145813e-02 2.115339994430541992e+00 0.000000000000000000e+00 0.000000000000000000e+00 0.000000000000000000e+00 1.000000000000000000e+00
6.126600783318281174e-03 -1.616349816322326660e-02 9.998505711555480957e-01 2.290389299392700195e+00 -9.999808073043823242e-01 7.930798456072807312e-04 6.140219978988170624e-03 -2.048650197684764862e-02 -8.922088309191167355e-04 -9.998690485954284668e-01 -1.615832932293415070e-02 2.116775751113891602e+00 0.000000000000000000e+00 0.000000000000000000e+00 0.000000000000000000e+00 1.000000000000000000e+00
5.457075778394937515e-03 -1.319159101694822311e-02 9.998980760574340820e-01 3.044220924377441406e+00 -9.999845623970031738e-01 9.669856517575681210e-04 5.470304749906063080e-03 -1.740062795579433441e-02 -1.039049122482538223e-03 -9.999125003814697266e-01 -1.318611018359661102e-02 2.119096040725708008e+00 0.000000000000000000e+00 0.000000000000000000e+00 0.000000000000000000e+00 1.000000000000000000e+00
4.875165876001119614e-03 -1.213886868208646774e-02 9.999144077301025391e-01 3.807507038116455078e+00 -9.999879598617553711e-01 -5.833708564750850201e-04 4.868442658334970474e-03 -1.667559333145618439e-02 5.242235492914915085e-04 -9.999261498451232910e-01 -1.214156672358512878e-02 2.122280597686767578e+00 0.000000000000000000e+00 0.000000000000000000e+00 0.000000000000000000e+00 1.000000000000000000e+00
4.885378759354352951e-03 -1.165702287107706070e-02 9.999201297760009766e-01 4.579696178436279297e+00 -9.999869465827941895e-01 1.429092255420982838e-03 4.902365617454051971e-03 -2.223138138651847839e-02 -1.486125052906572819e-03 -9.999310374259948730e-01 -1.164988894015550613e-02 2.126227855682373047e+00 0.000000000000000000e+00 0.000000000000000000e+00 0.000000000000000000e+00 1.000000000000000000e+00
4.695009905844926834e-03 -1.232741586863994598e-02 9.999129772186279297e-01 5.360348224639892578e+00 -9.999872446060180664e-01 1.808094908483326435e-03 4.717649426311254501e-03 -2.438012883067131042e-02 -1.866093953140079975e-03 -9.999223947525024414e-01 -1.231876946985721588e-02 2.130203008651733398e+00 0.000000000000000000e+00 0.000000000000000000e+00 0.000000000000000000e+00 1.000000000000000000e+00
4.127786960452795029e-03 -1.356788817793130875e-02 9.998994469642639160e-01 6.148596763610839844e+00 -9.999816417694091797e-01 4.382997285574674606e-03 4.187600221484899521e-03 -2.962017618119716644e-02 -4.439373500645160675e-03 -9.998983740806579590e-01 -1.354954671114683151e-02 2.132996559143066406e+00 0.000000000000000000e+00 0.000000000000000000e+00 0.000000000000000000e+00 1.000000000000000000e+00
3.838445758447051048e-03 -1.452394668012857437e-02 9.998871684074401855e-01 6.943531990051269531e+00 -9.999796152114868164e-01 5.048661492764949799e-03 3.912135493010282516e-03 -3.527210280299186707e-02 -5.104911513626575470e-03 -9.998818039894104004e-01 -1.450427155941724777e-02 2.134971141815185547e+00 0.000000000000000000e+00 0.000000000000000000e+00 0.000000000000000000e+00 1.000000000000000000e+00
3.552198410034179688e-03 -1.442611403763294220e-02 9.998896121978759766e-01 7.742248535156250000e+00 -9.999791979789733887e-01 5.328723229467868805e-03 3.629398066550493240e-03 -3.836179897189140320e-02 -5.380493123084306717e-03 -9.998817443847656250e-01 -1.440688595175743103e-02 2.136331081390380859e+00 0.000000000000000000e+00 0.000000000000000000e+00 0.000000000000000000e+00 1.000000000000000000e+00
3.071211045607924461e-03 -1.518818829208612442e-02 9.998799562454223633e-01 8.546147346496582031e+00 -9.999758601188659668e-01 6.181632168591022491e-03 3.165404777973890305e-03 -4.228983074426651001e-02 -6.228966638445854187e-03 -9.998655319213867188e-01 -1.516883634030818939e-02 2.138220310211181641e+00 0.000000000000000000e+00 0.000000000000000000e+00 0.000000000000000000e+00 1.000000000000000000e+00
2.966380212455987930e-03 -1.663374342024326324e-02 9.998572468757629395e-01 9.348326683044433594e+00 -9.999889731407165527e-01 3.595632268115878105e-03 3.026588354259729385e-03 -4.283204674720764160e-02 -3.645462449640035629e-03 -9.998551607131958008e-01 -1.662289351224899292e-02 2.140286684036254883e+00 0.000000000000000000e+00 0.000000000000000000e+00 0.000000000000000000e+00 1.000000000000000000e+00
2.677796408534049988e-03 -1.702033728361129761e-02 9.998515844345092773e-01 1.014485454559326172e+01 -9.999933242797851562e-01 2.439984120428562164e-03 2.719711512327194214e-03 -4.198401421308517456e-02 -2.485912293195724487e-03 -9.998521804809570312e-01 -1.701368950307369232e-02 2.140068531036376953e+00 0.000000000000000000e+00 0.000000000000000000e+00 0.000000000000000000e+00 1.000000000000000000e+00
2.200185786932706833e-03 -1.577636972069740295e-02 9.998731017112731934e-01 1.093206787109375000e+01 -9.999961256980895996e-01 1.657317974604666233e-03 2.226606244221329689e-03 -4.260594397783279419e-02 -1.692235469818115234e-03 -9.998741745948791504e-01 -1.577266119420528412e-02 2.140578269958496094e+00 0.000000000000000000e+00 0.000000000000000000e+00 0.000000000000000000e+00 1.000000000000000000e+00
2.103419741615653038e-03 -1.300011016428470612e-02 9.999132752418518066e-01 1.171131992340087891e+01 -9.999975562095642090e-01 6.852620863355696201e-04 2.112506190314888954e-03 -4.627750813961029053e-02 -7.126654963940382004e-04 -9.999152421951293945e-01 -1.299863681197166443e-02 2.142620086669921875e+00 0.000000000000000000e+00 0.000000000000000000e+00 0.000000000000000000e+00 1.000000000000000000e+00
1.237138756550848484e-03 -1.214162353426218033e-02 9.999254941940307617e-01 1.248691463470458984e+01 -9.999992251396179199e-01 -2.047860907623544335e-04 1.234743278473615646e-03 -4.638852551579475403e-02 1.897790498333051801e-04 -9.999262690544128418e-01 -1.214186754077672958e-02 2.147029638290405273e+00 0.000000000000000000e+00 0.000000000000000000e+00 0.000000000000000000e+00 1.000000000000000000e+00
3.760702384170144796e-04 -1.396443601697683334e-02 9.999024271965026855e-01 1.326104450225830078e+01 -9.999998807907104492e-01 -3.140379267279058695e-04 3.717211075127124786e-04 -4.999499395489692688e-02 3.088164085056632757e-04 -9.999024271965026855e-01 -1.396455336362123489e-02 2.149605989456176758e+00 0.000000000000000000e+00 0.000000000000000000e+00 0.000000000000000000e+00 1.000000000000000000e+00
1.865613885456696153e-04 -1.539915334433317184e-02 9.998813867568969727e-01 1.402966117858886719e+01 -9.999999403953552246e-01 2.646881912369281054e-04 1.906599645735695958e-04 -5.758141726255416870e-02 -2.675928117241710424e-04 -9.998813867568969727e-01 -1.539910305291414261e-02 2.151938676834106445e+00 0.000000000000000000e+00 0.000000000000000000e+00 0.000000000000000000e+00 1.000000000000000000e+00
-3.879566502291709185e-04 -1.674460060894489288e-02 9.998597502708435059e-01 1.479818725585937500e+01 -9.999998807907104492e-01 -2.198956208303570747e-04 -3.916936111636459827e-04 -6.201745569705963135e-02 2.264235372422263026e-04 -9.998597502708435059e-01 -1.674451306462287903e-02 2.152424097061157227e+00 0.000000000000000000e+00 0.000000000000000000e+00 0.000000000000000000e+00 1.000000000000000000e+00
-1.249701832421123981e-03 -1.654525846242904663e-02 9.998623132705688477e-01 1.556293487548828125e+01 -9.999988079071044922e-01 9.090995299629867077e-04 -1.234829076565802097e-03 -6.838737428188323975e-02 -8.885438437573611736e-04 -9.998627305030822754e-01 -1.654637418687343597e-02 2.152262449264526367e+00 0.000000000000000000e+00 0.000000000000000000e+00 0.000000000000000000e+00 1.000000000000000000e+00
-1.538039068691432476e-03 -1.617133803665637970e-02 9.998680353164672852e-01 1.632766723632812500e+01 -9.999987483024597168e-01 -3.466629132162779570e-04 -1.543846912682056427e-03 -7.471691071987152100e-02 3.715832426678389311e-04 -9.998691678047180176e-01 -1.617078483104705811e-02 2.153413295745849609e+00 0.000000000000000000e+00 0.000000000000000000e+00 0.000000000000000000e+00 1.000000000000000000e+00
-1.623442280106246471e-03 -1.879598386585712433e-02 9.998220205307006836e-01 1.709708023071289062e+01 -9.999858736991882324e-01 -5.025834776461124420e-03 -1.718190615065395832e-03 -7.294306904077529907e-02 5.057235248386859894e-03 -9.998106956481933594e-01 -1.878755912184715271e-02 2.154080629348754883e+00 0.000000000000000000e+00 0.000000000000000000e+00 0.000000000000000000e+00 1.000000000000000000e+00
-1.773519208654761314e-03 -2.143434993922710419e-02 9.997686743736267090e-01 1.786933898925781250e+01 -9.999347925186157227e-01 -1.123978104442358017e-02 -2.014786936342716217e-03 -6.427853554487228394e-02 1.128036621958017349e-02 -9.997071027755737305e-01 -2.141301892697811127e-02 2.152562856674194336e+00 0.000000000000000000e+00 0.000000000000000000e+00 0.000000000000000000e+00 1.000000000000000000e+00
-1.682600821368396282e-03 -2.039614692330360413e-02 9.997905492782592773e-01 1.863710212707519531e+01 -9.999076128005981445e-01 -1.345082838088274002e-02 -1.957200234755873680e-03 -6.339381635189056396e-02 1.348793040961027145e-02 -9.997014999389648438e-01 -2.037163078784942627e-02 2.150534868240356445e+00 0.000000000000000000e+00 0.000000000000000000e+00 0.000000000000000000e+00 1.000000000000000000e+00
-1.629112521186470985e-03 -1.734114252030849457e-02 9.998483061790466309e-01 1.940196037292480469e+01 -9.998826980590820312e-01 -1.519798953086137772e-02 -1.892759115435183048e-03 -6.681965291500091553e-02 1.522850710898637772e-02 -9.997341036796569824e-01 -1.731434836983680725e-02 2.148547172546386719e+00 0.000000000000000000e+00 0.000000000000000000e+00 0.000000000000000000e+00 1.000000000000000000e+00
-2.459876472130417824e-03 -1.373012363910675049e-02 9.999027252197265625e-01 2.016733932495117188e+01 -9.998440742492675781e-01 -1.745062135159969330e-02 -2.699354663491249084e-03 -6.686288863420486450e-02 1.748598739504814148e-02 -9.997534751892089844e-01 -1.368505693972110748e-02 2.150338649749755859e+00 0.000000000000000000e+00 0.000000000000000000e+00 0.000000000000000000e+00 1.000000000000000000e+00
-3.007421037182211876e-03 -1.108661759644746780e-02 9.999340176582336426e-01 2.093453979492187500e+01 -9.997755289077758789e-01 -2.093742787837982178e-02 -3.239084966480731964e-03 -6.456923484802246094e-02 2.097195573151111603e-02 -9.997193217277526855e-01 -1.102116145193576813e-02 2.155606508255004883e+00 0.000000000000000000e+00 0.000000000000000000e+00 0.000000000000000000e+00 1.000000000000000000e+00
-2.819530433043837547e-03 -1.138541381806135178e-02 9.999312162399291992e-01 2.170417404174804688e+01 -9.997386336326599121e-01 -2.265439182519912720e-02 -3.076934721320867538e-03 -6.822598725557327271e-02 2.268786542117595673e-02 -9.996785521507263184e-01 -1.131856255233287811e-02 2.160522937774658203e+00 0.000000000000000000e+00 0.000000000000000000e+00 0.000000000000000000e+00 1.000000000000000000e+00
-2.694155322387814522e-03 -1.262736972421407700e-02 9.999166131019592285e-01 2.247321701049804688e+01 -9.997435808181762695e-01 -2.244915254414081573e-02 -2.977186348289251328e-03 -7.454530149698257446e-02 2.248487435281276703e-02 -9.996682405471801758e-01 -1.256364956498146057e-02 2.164139986038208008e+00 0.000000000000000000e+00 0.000000000000000000e+00 0.000000000000000000e+00 1.000000000000000000e+00
-2.853761892765760422e-03 -1.356434635818004608e-02 9.999039173126220703e-01 2.323880577087402344e+01 -9.998036026954650879e-01 -1.957078278064727783e-02 -3.118966007605195045e-03 -8.460336178541183472e-02 1.961120963096618652e-02 -9.997164607048034668e-01 -1.350583229213953018e-02 2.166386127471923828e+00 0.000000000000000000e+00 0.000000000000000000e+00 0.000000000000000000e+00 1.000000000000000000e+00
-2.746124053373932838e-03 -1.403480023145675659e-02 9.998977184295654297e-01 2.399800109863281250e+01 -9.998188018798828125e-01 -1.879734359681606293e-02 -3.009751206263899803e-03 -9.345531463623046875e-02 1.883766241371631622e-02 -9.997248053550720215e-01 -1.398063637316226959e-02 2.169511079788208008e+00 0.000000000000000000e+00 0.000000000000000000e+00 0.000000000000000000e+00 1.000000000000000000e+00
-2.817427273839712143e-03 -1.517563406378030777e-02 9.998808503150939941e-01 2.474917793273925781e+01 -9.998413324356079102e-01 -1.754365116357803345e-02 -3.083583666011691093e-03 -1.017312407493591309e-01 1.758835650980472565e-02 -9.997309446334838867e-01 -1.512379851192235947e-02 2.170992136001586914e+00 0.000000000000000000e+00 0.000000000000000000e+00 0.000000000000000000e+00 1.000000000000000000e+00
-2.697569783776998520e-03 -1.651651971042156219e-02 9.998599290847778320e-01 2.549470329284667969e+01 -9.998401999473571777e-01 -1.762531697750091553e-02 -2.988666063174605370e-03 -1.072712317109107971e-01 1.767221093177795410e-02 -9.997082352638244629e-01 -1.646633446216583252e-02 2.171384334564208984e+00 0.000000000000000000e+00 0.000000000000000000e+00 0.000000000000000000e+00 1.000000000000000000e+00
-2.493970561772584915e-03 -1.717479340732097626e-02 9.998493790626525879e-01 2.623298835754394531e+01 -9.998589754104614258e-01 -1.656081341207027435e-02 -2.778466092422604561e-03 -1.133314967155456543e-01 1.660603843629360199e-02 -9.997153282165527344e-01 -1.713106967508792877e-02 2.172062873840332031e+00 0.000000000000000000e+00 0.000000000000000000e+00 0.000000000000000000e+00 1.000000000000000000e+00
-2.410861896350979805e-03 -1.640066318213939667e-02 9.998626112937927246e-01 2.696553993225097656e+01 -9.998701214790344238e-01 -1.589427329599857330e-02 -2.671592403203248978e-03 -1.204001829028129578e-01 1.593590527772903442e-02 -9.997391700744628906e-01 -1.636021398007869720e-02 2.172046899795532227e+00 0.000000000000000000e+00 0.000000000000000000e+00 0.000000000000000000e+00 1.000000000000000000e+00
-2.144120633602142334e-03 -1.504848338663578033e-02 9.998844861984252930e-01 2.769443702697753906e+01 -9.998812079429626465e-01 -1.522767916321754456e-02 -2.373293740674853325e-03 -1.267300844192504883e-01 1.526163425296545029e-02 -9.997708201408386230e-01 -1.501404587179422379e-02 2.173009157180786133e+00 0.000000000000000000e+00 0.000000000000000000e+00 0.000000000000000000e+00 1.000000000000000000e+00
-1.764953252859413624e-03 -1.465215161442756653e-02 9.998911023139953613e-01 2.842230224609375000e+01 -9.998949766159057617e-01 -1.435858663171529770e-02 -1.975367078557610512e-03 -1.315748691558837891e-01 1.438596565276384354e-02 -9.997895359992980957e-01 -1.462526991963386536e-02 2.174625396728515625e+00 0.000000000000000000e+00 0.000000000000000000e+00 0.000000000000000000e+00 1.000000000000000000e+00
-1.369148725643754005e-03 -1.540668867528438568e-02 9.998803734779357910e-01 2.915100860595703125e+01 -9.999079108238220215e-01 -1.348059624433517456e-02 -1.576902577653527260e-03 -1.376327574253082275e-01 1.350327860563993454e-02 -9.997904300689697266e-01 -1.538681238889694214e-02 2.175538539886474609e+00 0.000000000000000000e+00 0.000000000000000000e+00 0.000000000000000000e+00 1.000000000000000000e+00
-5.847954307682812214e-04 -1.663088798522949219e-02 9.998615384101867676e-01 2.987926864624023438e+01 -9.999297857284545898e-01 -1.182410307228565216e-02 -7.815079297870397568e-04 -1.448259055614471436e-01 1.183546334505081177e-02 -9.997918009757995605e-01 -1.662280596792697906e-02 2.175779104232788086e+00 0.000000000000000000e+00 0.000000000000000000e+00 0.000000000000000000e+00 1.000000000000000000e+00
2.034351491602137685e-04 -1.853143610060214996e-02 9.998282790184020996e-01 3.060814094543457031e+01 -9.999433159828186035e-01 -1.064474787563085556e-02 6.162210866023087874e-06 -1.502731293439865112e-01 1.064280606806278229e-02 -9.997715950012207031e-01 -1.853255182504653931e-02 2.176006317138671875e+00 0.000000000000000000e+00 0.000000000000000000e+00 0.000000000000000000e+00 1.000000000000000000e+00
1.284695026697590947e-04 -2.054245583713054657e-02 9.997889995574951172e-01 3.133590888977050781e+01 -9.999484419822692871e-01 -1.015539374202489853e-02 -8.017075742827728391e-05 -1.548296064138412476e-01 1.015489734709262848e-02 -9.997373819351196289e-01 -2.054269984364509583e-02 2.173119544982910156e+00 0.000000000000000000e+00 0.000000000000000000e+00 0.000000000000000000e+00 1.000000000000000000e+00
2.211054525105282664e-04 -2.063046582043170929e-02 9.997871518135070801e-01 3.206064605712890625e+01 -9.999594688415527344e-01 -9.002737700939178467e-03 3.537335942382924259e-05 -1.596450060606002808e-01 9.000090882182121277e-03 -9.997466206550598145e-01 -2.063162066042423248e-02 2.171154737472534180e+00 0.000000000000000000e+00 0.000000000000000000e+00 0.000000000000000000e+00 1.000000000000000000e+00
6.955827120691537857e-04 -2.024083584547042847e-02 9.997949004173278809e-01 3.278415679931640625e+01 -9.999619722366333008e-01 -8.708078414201736450e-03 5.194040131755173206e-04 -1.656296104192733765e-01 8.695779368281364441e-03 -9.997572302818298340e-01 -2.024612389504909515e-02 2.167930126190185547e+00 0.000000000000000000e+00 0.000000000000000000e+00 0.000000000000000000e+00 1.000000000000000000e+00
7.898068288341164589e-04 -2.023737132549285889e-02 9.997949004173278809e-01 3.350687026977539062e+01 -9.999659657478332520e-01 -8.226930163800716400e-03 6.234163301996886730e-04 -1.683256328105926514e-01 8.212625980377197266e-03 -9.997613430023193359e-01 -2.024318091571331024e-02 2.165180921554565430e+00 0.000000000000000000e+00 0.000000000000000000e+00 0.000000000000000000e+00 1.000000000000000000e+00
1.445614034309983253e-03 -1.841421052813529968e-02 9.998294115066528320e-01 3.422674179077148438e+01 -9.999579191207885742e-01 -9.085034020245075226e-03 1.278477604500949383e-03 -1.708454489707946777e-01 9.059942327439785004e-03 -9.997891783714294434e-01 -1.842656917870044708e-02 2.164195299148559570e+00 0.000000000000000000e+00 0.000000000000000000e+00 0.000000000000000000e+00 1.000000000000000000e+00
1.822390826418995857e-03 -1.783078163862228394e-02 9.998393654823303223e-01 3.494654846191406250e+01 -9.999663829803466797e-01 -8.024902082979679108e-03 1.679509063251316547e-03 -1.741991490125656128e-01 7.993666455149650574e-03 -9.998087882995605469e-01 -1.784480735659599304e-02 2.163403034210205078e+00 0.000000000000000000e+00 0.000000000000000000e+00 0.000000000000000000e+00 1.000000000000000000e+00
1.745937624946236610e-03 -1.956495456397533417e-02 9.998070597648620605e-01 3.566951751708984375e+01 -9.999503493309020996e-01 -9.840670973062515259e-03 1.553618465550243855e-03 -1.739317476749420166e-01 9.808375500142574310e-03 -9.997601509094238281e-01 -1.958116516470909119e-02 2.162119626998901367e+00 0.000000000000000000e+00 0.000000000000000000e+00 0.000000000000000000e+00 1.000000000000000000e+00
1.184116816148161888e-03 -2.224056422710418701e-02 9.997519254684448242e-01 3.639358139038085938e+01 -9.999752044677734375e-01 -6.963304709643125534e-03 1.029475126415491104e-03 -1.798619776964187622e-01 6.938681006431579590e-03 -9.997283816337585449e-01 -2.224825881421566010e-02 2.159402132034301758e+00 0.000000000000000000e+00 0.000000000000000000e+00 0.000000000000000000e+00 1.000000000000000000e+00
5.844071274623274803e-04 -2.336601912975311279e-02 9.997268319129943848e-01 3.711341476440429688e+01 -9.999983906745910645e-01 -1.694863662123680115e-03 5.449528689496219158e-04 -1.947592943906784058e-01 1.681667170487344265e-03 -9.997255206108093262e-01 -2.336697094142436981e-02 2.154047489166259766e+00 0.000000000000000000e+00 0.000000000000000000e+00 0.000000000000000000e+00 1.000000000000000000e+00
1.906536926981061697e-04 -2.153733000159263611e-02 9.997680187225341797e-01 3.782922744750976562e+01 -9.999999403953552246e-01 -2.740828203968703747e-04 1.847935345722362399e-04 -2.064930051565170288e-01 2.700392797123640776e-04 -9.997680187225341797e-01 -2.153738029301166534e-02 2.149214744567871094e+00 0.000000000000000000e+00 0.000000000000000000e+00 0.000000000000000000e+00 1.000000000000000000e+00
-3.888612845912575722e-04 -1.758983545005321503e-02 9.998452067375183105e-01 3.854117584228515625e+01 -9.999969005584716797e-01 2.469735220074653625e-03 -3.454713150858879089e-04 -2.137600928544998169e-01 -2.463276032358407974e-03 -9.998422265052795410e-01 -1.759074069559574127e-02 2.146579742431640625e+00 0.000000000000000000e+00 0.000000000000000000e+00 0.000000000000000000e+00 1.000000000000000000e+00
-5.046125734224915504e-04 -1.072250120341777802e-02 9.999423623085021973e-01 3.924939346313476562e+01 -9.999957680702209473e-01 -2.850139746442437172e-03 -5.352019215933978558e-04 -2.114809006452560425e-01 2.855714177712798119e-03 -9.999384284019470215e-01 -1.072101853787899017e-02 2.150469303131103516e+00 0.000000000000000000e+00 0.000000000000000000e+00 0.000000000000000000e+00 1.000000000000000000e+00
2.214868582086637616e-04 -4.497313871979713440e-03 9.999898672103881836e-01 3.995751953125000000e+01 -9.999902844429016113e-01 -4.397960379719734192e-03 2.017077495111152530e-04 -2.126149386167526245e-01 4.397008568048477173e-03 -9.999802112579345703e-01 -4.498244263231754303e-03 2.157243251800537109e+00 0.000000000000000000e+00 0.000000000000000000e+00 0.000000000000000000e+00 1.000000000000000000e+00
-1.583101839059963822e-04 -2.672336995601654053e-03 9.999964237213134766e-01 4.067337036132812500e+01 -9.999936223030090332e-01 -3.560114884749054909e-03 -1.678236149018630385e-04 -2.162704318761825562e-01 3.560550743713974953e-03 -9.999901056289672852e-01 -2.671756315976381302e-03 2.167363405227661133e+00 0.000000000000000000e+00 0.000000000000000000e+00 0.000000000000000000e+00 1.000000000000000000e+00
-6.491788080893456936e-04 -4.506324883550405502e-03 9.999896287918090820e-01 4.139702606201171875e+01 -9.999867677688598633e-01 -5.099401809275150299e-03 -6.721567478962242603e-04 -2.183628678321838379e-01 5.102377850562334061e-03 -9.999768733978271484e-01 -4.502954892814159393e-03 2.176996946334838867e+00 0.000000000000000000e+00 0.000000000000000000e+00 0.000000000000000000e+00 1.000000000000000000e+00
-4.606623260769993067e-04 -6.334912031888961792e-03 9.999798536300659180e-01 4.212411117553710938e+01 -9.999798536300659180e-01 -6.326905917376279831e-03 -5.007435684092342854e-04 -2.190469652414321899e-01 6.329950410872697830e-03 -9.999599456787109375e-01 -6.331869866698980331e-03 2.186482906341552734e+00 0.000000000000000000e+00 0.000000000000000000e+00 0.000000000000000000e+00 1.000000000000000000e+00
-9.345409926027059555e-04 -9.904283098876476288e-03 9.999505281448364258e-01 4.285434341430664062e+01 -9.999589323997497559e-01 -9.002074599266052246e-03 -1.023712335154414177e-03 -2.167839407920837402e-01 9.011768735945224762e-03 -9.999104142189025879e-01 -9.895464405417442322e-03 2.193349361419677734e+00 0.000000000000000000e+00 0.000000000000000000e+00 0.000000000000000000e+00 1.000000000000000000e+00
-4.512110899668186903e-04 -1.134825125336647034e-02 9.999355077743530273e-01 4.358611297607421875e+01 -9.999435544013977051e-01 -1.060789730399847031e-02 -5.716035957448184490e-04 -2.185049951076507568e-01 1.061370037496089935e-02 -9.998793601989746094e-01 -1.134282443672418594e-02 2.198162078857421875e+00 0.000000000000000000e+00 0.000000000000000000e+00 0.000000000000000000e+00 1.000000000000000000e+00
-1.428551622666418552e-04 -1.404763292521238327e-02 9.999012947082519531e-01 4.432185363769531250e+01 -9.999080896377563477e-01 -1.355439983308315277e-02 -3.332821361254900694e-04 -2.169423848390579224e-01 1.355774328112602234e-02 -9.998094439506530762e-01 -1.404440496116876602e-02 2.201987981796264648e+00 0.000000000000000000e+00 0.000000000000000000e+00 0.000000000000000000e+00 1.000000000000000000e+00
-3.180899075232446194e-04 -1.499963365495204926e-02 9.998874664306640625e-01 4.505765533447265625e+01 -9.999265074729919434e-01 -1.211544126272201538e-02 -4.998499643988907337e-04 -2.185197621583938599e-01 1.212157495319843292e-02 -9.998140931129455566e-01 -1.499467715620994568e-02 2.203352212905883789e+00 0.000000000000000000e+00 0.000000000000000000e+00 0.000000000000000000e+00 1.000000000000000000e+00
1.105082221329212189e-03 -1.363436039537191391e-02 9.999064207077026367e-01 4.579439544677734375e+01 -9.999376535415649414e-01 -1.112794131040573120e-02 9.533801348879933357e-04 -2.262460440397262573e-01 1.111390162259340286e-02 -9.998451471328735352e-01 -1.364580728113651276e-02 2.204995870590209961e+00 0.000000000000000000e+00 0.000000000000000000e+00 0.000000000000000000e+00 1.000000000000000000e+00
2.733285771682858467e-03 -1.303433813154697418e-02 9.999113082885742188e-01 4.653406906127929688e+01 -9.999518394470214844e-01 -9.457710199058055878e-03 2.610110677778720856e-03 -2.304806709289550781e-01 9.422850795090198517e-03 -9.998703002929687500e-01 -1.305956114083528519e-02 2.207417964935302734e+00 0.000000000000000000e+00 0.000000000000000000e+00 0.000000000000000000e+00 1.000000000000000000e+00
3.479815321043133736e-03 -1.197685115039348602e-02 9.999222159385681152e-01 4.727593612670898438e+01 -9.999309778213500977e-01 -1.126114372164011002e-02 3.344962373375892639e-03 -2.256778776645660400e-01 1.122020557522773743e-02 -9.998648762702941895e-01 -1.201521232724189758e-02 2.211421251296997070e+00 0.000000000000000000e+00 0.000000000000000000e+00 0.000000000000000000e+00 1.000000000000000000e+00
4.450161475688219070e-03 -1.330897491425275803e-02 9.999015331268310547e-01 4.802232742309570312e+01 -9.999164938926696777e-01 -1.219083834439516068e-02 4.287964664399623871e-03 -2.222216129302978516e-01 1.213256921619176865e-02 -9.998371005058288574e-01 -1.336211524903774261e-02 2.214788198471069336e+00 0.000000000000000000e+00 0.000000000000000000e+00 0.000000000000000000e+00 1.000000000000000000e+00
5.342850927263498306e-03 -1.569428108632564545e-02 9.998625516891479492e-01 4.877139282226562500e+01 -9.999115467071533203e-01 -1.226203422993421555e-02 5.150642711669206619e-03 -2.212848365306854248e-01 1.217951346188783646e-02 -9.998016357421875000e-01 -1.575840637087821960e-02 2.216523170471191406e+00 0.000000000000000000e+00 0.000000000000000000e+00 0.000000000000000000e+00 1.000000000000000000e+00
6.044142879545688629e-03 -1.817759685218334198e-02 9.998164772987365723e-01 4.951756286621093750e+01 -9.999223947525024414e-01 -1.099956408143043518e-02 5.844800733029842377e-03 -2.217476963996887207e-01 1.089130155742168427e-02 -9.997742772102355957e-01 -1.824266836047172546e-02 2.216234683990478516e+00 0.000000000000000000e+00 0.000000000000000000e+00 0.000000000000000000e+00 1.000000000000000000e+00
6.741818971931934357e-03 -2.056605741381645203e-02 9.997657537460327148e-01 5.025892257690429688e+01 -9.999204874038696289e-01 -1.079476904124021530e-02 6.520804483443498611e-03 -2.206085473299026489e-01 1.065813284367322922e-02 -9.997302293777465820e-01 -2.063719742000102997e-02 2.214251279830932617e+00 0.000000000000000000e+00 0.000000000000000000e+00 0.000000000000000000e+00 1.000000000000000000e+00
7.415085099637508392e-03 -2.055732160806655884e-02 9.997611641883850098e-01 5.099094772338867188e+01 -9.999075531959533691e-01 -1.154870074242353439e-02 7.178703323006629944e-03 -2.164213210344314575e-01 1.139836758375167847e-02 -9.997219443321228027e-01 -2.064105495810508728e-02 2.212126493453979492e+00 0.000000000000000000e+00 0.000000000000000000e+00 0.000000000000000000e+00 1.000000000000000000e+00
7.870551198720932007e-03 -1.853728108108043671e-02 9.997971653938293457e-01 5.171375274658203125e+01 -9.998950958251953125e-01 -1.230280380696058273e-02 7.643215358257293701e-03 -2.120802849531173706e-01 1.215862482786178589e-02 -9.997524619102478027e-01 -1.863216608762741089e-02 2.210304737091064453e+00 0.000000000000000000e+00 0.000000000000000000e+00 0.000000000000000000e+00 1.000000000000000000e+00
7.506580557674169540e-03 -2.036524377763271332e-02 9.997644424438476562e-01 5.243718719482421875e+01 -9.999132752418518066e-01 -1.097147539258003235e-02 7.284208666533231735e-03 -2.128916382789611816e-01 1.082054618746042252e-02 -9.997324347496032715e-01 -2.044583484530448914e-02 2.207885265350341797e+00 0.000000000000000000e+00 0.000000000000000000e+00 0.000000000000000000e+00 1.000000000000000000e+00
7.355804089456796646e-03 -2.285699173808097839e-02 9.997116923332214355e-01 5.315801239013671875e+01 -9.998906850814819336e-01 -1.299101766198873520e-02 7.060099858790636063e-03 -2.086239159107208252e-01 1.282589975744485855e-02 -9.996543526649475098e-01 -2.295005321502685547e-02 2.205541133880615234e+00 0.000000000000000000e+00 0.000000000000000000e+00 0.000000000000000000e+00 1.000000000000000000e+00
7.153982762247323990e-03 -2.353358268737792969e-02 9.996974468231201172e-01 5.387640762329101562e+01 -9.999257922172546387e-01 -1.002345979213714600e-02 6.919657811522483826e-03 -2.094712108373641968e-01 9.857582859694957733e-03 -9.996727705001831055e-01 -2.360354550182819366e-02 2.200010776519775391e+00 0.000000000000000000e+00 0.000000000000000000e+00 0.000000000000000000e+00 1.000000000000000000e+00
7.567897904664278030e-03 -2.650056779384613037e-02 9.996201395988464355e-01 5.459996795654296875e+01 -9.999240636825561523e-01 -9.925417602062225342e-03 7.307069376111030579e-03 -2.106609642505645752e-01 9.728006087243556976e-03 -9.995995163917541504e-01 -2.657366916537284851e-02 2.193853616714477539e+00 0.000000000000000000e+00 0.000000000000000000e+00 0.000000000000000000e+00 1.000000000000000000e+00
8.343630470335483551e-03 -3.137242048978805542e-02 9.994729161262512207e-01 5.533076858520507812e+01 -9.998753070831298828e-01 -1.366472244262695312e-02 7.918068207800388336e-03 -2.058971226215362549e-01 1.340911071747541428e-02 -9.994143247604370117e-01 -3.148252144455909729e-02 2.185503244400024414e+00 0.000000000000000000e+00 0.000000000000000000e+00 0.000000000000000000e+00 1.000000000000000000e+00
6.616149097681045532e-03 -3.063589893281459808e-02 9.995087385177612305e-01 5.605464172363281250e+01 -9.999781250953674316e-01 -1.613944914424791932e-04 6.614309269934892654e-03 -2.182298898696899414e-01 -4.132011235924437642e-05 -9.995306134223937988e-01 -3.063629567623138428e-02 2.172854185104370117e+00 0.000000000000000000e+00 0.000000000000000000e+00 0.000000000000000000e+00 1.000000000000000000e+00
6.699455436319112778e-03 -3.064072690904140472e-02 9.995080232620239258e-01 5.678327560424804688e+01 -9.999455213546752930e-01 7.796650752425193787e-03 6.941400934010744095e-03 -2.449794709682464600e-01 -8.005504496395587921e-03 -9.995000362396240234e-01 -3.058682382106781006e-02 2.161676406860351562e+00 0.000000000000000000e+00 0.000000000000000000e+00 0.000000000000000000e+00 1.000000000000000000e+00
6.054791156202554703e-03 -3.111662156879901886e-02 9.994974136352539062e-01 5.751671981811523438e+01 -9.997916817665100098e-01 1.929423213005065918e-02 6.657246965914964676e-03 -2.680805623531341553e-01 -1.949168741703033447e-02 -9.993295073509216309e-01 -3.099331632256507874e-02 2.148287057876586914e+00 0.000000000000000000e+00 0.000000000000000000e+00 0.000000000000000000e+00 1.000000000000000000e+00
4.144378937780857086e-03 -2.602222561836242676e-02 9.996528029441833496e-01 5.824652481079101562e+01 -9.999588727951049805e-01 7.955955341458320618e-03 4.352751653641462326e-03 -2.547834813594818115e-01 -8.066461421549320221e-03 -9.996296763420104980e-01 -2.598818205296993256e-02 2.142245054244995117e+00 0.000000000000000000e+00 0.000000000000000000e+00 0.000000000000000000e+00 1.000000000000000000e+00
3.331238171085715294e-03 -2.113684266805648804e-02 9.997710585594177246e-01 5.897983169555664062e+01 -9.999827742576599121e-01 4.767274949699640274e-03 3.432731842622160912e-03 -2.423081398010253906e-01 -4.838740453124046326e-03 -9.997652173042297363e-01 -2.112059667706489563e-02 2.138341426849365234e+00 0.000000000000000000e+00 0.000000000000000000e+00 0.000000000000000000e+00 1.000000000000000000e+00
2.271470846608281136e-03 -2.516337111592292786e-02 9.996807575225830078e-01 5.972408676147460938e+01 -9.999913573265075684e-01 3.420956665650010109e-03 2.358286874368786812e-03 -2.442852854728698730e-01 -3.479207167401909828e-03 -9.996774792671203613e-01 -2.515538409352302551e-02 2.134855985641479492e+00 0.000000000000000000e+00 0.000000000000000000e+00 0.000000000000000000e+00 1.000000000000000000e+00
9.739398228703066707e-05 -3.261539340019226074e-02 9.994679689407348633e-01 6.047087478637695312e+01 -9.999800324440002441e-01 6.310107186436653137e-03 3.033600514754652977e-04 -2.595513761043548584e-01 -6.316644139587879181e-03 -9.994480609893798828e-01 -3.261413052678108215e-02 2.125004291534423828e+00 0.000000000000000000e+00 0.000000000000000000e+00 0.000000000000000000e+00 1.000000000000000000e+00
-2.774243243038654327e-03 -4.024568200111389160e-02 9.991859793663024902e-01 6.120868682861328125e+01 -9.999611973762512207e-01 8.465644903481006622e-03 -2.435412490740418434e-03 -2.687107920646667480e-01 -8.360738866031169891e-03 -9.991539716720581055e-01 -4.026760533452033997e-02 2.110108375549316406e+00 0.000000000000000000e+00 0.000000000000000000e+00 0.000000000000000000e+00 1.000000000000000000e+00
-4.515411332249641418e-03 -4.775014147162437439e-02 9.988490939140319824e-01 6.194496917724609375e+01 -9.999824762344360352e-01 4.040018189698457718e-03 -4.327401053160429001e-03 -2.700768113136291504e-01 -3.828734625130891800e-03 -9.988511204719543457e-01 -4.776754602789878845e-02 2.090617418289184570e+00 0.000000000000000000e+00 0.000000000000000000e+00 0.000000000000000000e+00 1.000000000000000000e+00
-4.869453608989715576e-03 -4.999539628624916077e-02 9.987375736236572266e-01 6.266933441162109375e+01 -9.999881386756896973e-01 4.220979462843388319e-05 -4.873437806963920593e-03 -2.705055773258209229e-01 2.014929486904293299e-04 -9.987494349479675293e-01 -4.999500885605812073e-02 2.068498373031616211e+00 0.000000000000000000e+00 0.000000000000000000e+00 0.000000000000000000e+00 1.000000000000000000e+00
-5.439275410026311874e-03 -4.821443930268287659e-02 9.988222122192382812e-01 6.338357925415039062e+01 -9.999790787696838379e-01 -3.231171285733580589e-03 -5.601548124104738235e-03 -2.734732925891876221e-01 3.497441066429018974e-03 -9.988318085670471191e-01 -4.819585382938385010e-02 2.045870304107666016e+00 0.000000000000000000e+00 0.000000000000000000e+00 0.000000000000000000e+00 1.000000000000000000e+00
-6.567409727722406387e-03 -4.847558960318565369e-02 9.988027811050415039e-01 6.409394073486328125e+01 -9.999777674674987793e-01 -8.223081822507083416e-04 -6.615045480430126190e-03 -2.846606075763702393e-01 1.141991931945085526e-03 -9.988240003585815430e-01 -4.846911132335662842e-02 2.023130416870117188e+00 0.000000000000000000e+00 0.000000000000000000e+00 0.000000000000000000e+00 1.000000000000000000e+00
-7.005900144577026367e-03 -5.145832151174545288e-02 9.986505508422851562e-01 6.480628204345703125e+01 -9.999730587005615234e-01 -1.833294634707272053e-03 -7.109643425792455673e-03 -2.955336570739746094e-01 2.196670975536108017e-03 -9.986734390258789062e-01 -5.144409090280532837e-02 2.000249624252319336e+00 0.000000000000000000e+00 0.000000000000000000e+00 0.000000000000000000e+00 1.000000000000000000e+00
-7.540201302617788315e-03 -5.746655538678169250e-02 9.983189702033996582e-01 6.551853942871093750e+01 -9.999714493751525879e-01 -1.982754474738612771e-05 -7.553823757916688919e-03 -3.075864613056182861e-01 4.538864595815539360e-04 -9.983474612236022949e-01 -5.746476724743843079e-02 1.973606109619140625e+00 0.000000000000000000e+00 0.000000000000000000e+00 0.000000000000000000e+00 1.000000000000000000e+00
-7.802861277014017105e-03 -6.280277669429779053e-02 9.979954361915588379e-01 6.622861480712890625e+01 -9.999688267707824707e-01 1.687400508671998978e-03 -7.712103892117738724e-03 -3.198322355747222900e-01 -1.199676538817584515e-03 -9.980245232582092285e-01 -6.281398236751556396e-02 1.942005395889282227e+00 0.000000000000000000e+00 0.000000000000000000e+00 0.000000000000000000e+00 1.000000000000000000e+00
-7.590906228870153427e-03 -6.577518582344055176e-02 9.978055953979492188e-01 6.693257904052734375e+01 -9.999709129333496094e-01 1.244313665665686131e-03 -7.525354158133268356e-03 -3.306370377540588379e-01 -7.466015522368252277e-04 -9.978336691856384277e-01 -6.578271836042404175e-02 1.908355593681335449e+00 0.000000000000000000e+00 0.000000000000000000e+00 0.000000000000000000e+00 1.000000000000000000e+00
-7.569301873445510864e-03 -6.785991787910461426e-02 9.976661205291748047e-01 6.763246917724609375e+01 -9.999689459800720215e-01 2.708175219595432281e-03 -7.402566727250814438e-03 -3.408100306987762451e-01 -2.199517097324132919e-03 -9.976911544799804688e-01 -6.787831336259841919e-02 1.873167037963867188e+00 0.000000000000000000e+00 0.000000000000000000e+00 0.000000000000000000e+00 1.000000000000000000e+00
-7.798383478075265884e-03 -6.727502495050430298e-02 9.977039694786071777e-01 6.832671356201171875e+01 -9.999652504920959473e-01 3.472463693469762802e-03 -7.581910118460655212e-03 -3.522504866123199463e-01 -2.954417606815695763e-03 -9.977284073829650879e-01 -6.729976087808609009e-02 1.837399125099182129e+00 0.000000000000000000e+00 0.000000000000000000e+00 0.000000000000000000e+00 1.000000000000000000e+00
-7.896546274423599243e-03 -6.763084232807159424e-02 9.976791739463806152e-01 6.901968383789062500e+01 -9.999569654464721680e-01 5.394735373556613922e-03 -7.548876106739044189e-03 -3.649679422378540039e-01 -4.871678072959184647e-03 -9.976958036422729492e-01 -6.767052412033081055e-02 1.802157402038574219e+00 0.000000000000000000e+00 0.000000000000000000e+00 0.000000000000000000e+00 1.000000000000000000e+00
-7.766792550683021545e-03 -6.888525933027267456e-02 9.975943565368652344e-01 6.971213531494140625e+01 -9.999613761901855469e-01 4.642277956008911133e-03 -7.464664988219738007e-03 -3.743616640567779541e-01 -4.116904921829700470e-03 -9.976137876510620117e-01 -6.891865283250808716e-02 1.766647696495056152e+00 0.000000000000000000e+00 0.000000000000000000e+00 0.000000000000000000e+00 1.000000000000000000e+00
-8.000448346138000488e-03 -6.928159296512603760e-02 9.975650906562805176e-01 7.040119171142578125e+01 -9.999633431434631348e-01 3.601655829697847366e-03 -7.769544608891010284e-03 -3.801553547382354736e-01 -3.054599510505795479e-03 -9.975906610488891602e-01 -6.930787116289138794e-02 1.730627655982971191e+00 0.000000000000000000e+00 0.000000000000000000e+00 0.000000000000000000e+00 1.000000000000000000e+00
-7.675146684050559998e-03 -6.795273721218109131e-02 9.976590275764465332e-01 7.108656311035156250e+01 -9.999676942825317383e-01 2.903883578255772591e-03 -7.495117839425802231e-03 -3.876869976520538330e-01 -2.387772081419825554e-03 -9.976842999458312988e-01 -6.797282397747039795e-02 1.695443391799926758e+00 0.000000000000000000e+00 0.000000000000000000e+00 0.000000000000000000e+00 1.000000000000000000e+00
-6.977220531553030014e-03 -6.659651547670364380e-02 9.977555871009826660e-01 7.176882171630859375e+01 -9.999682903289794922e-01 4.302717745304107666e-03 -6.705502979457378387e-03 -3.997163772583007812e-01 -3.846497507765889168e-03 -9.977707266807556152e-01 -6.662442535161972046e-02 1.661335706710815430e+00 0.000000000000000000e+00 0.000000000000000000e+00 0.000000000000000000e+00 1.000000000000000000e+00
-6.592366844415664673e-03 -6.475400924682617188e-02 9.978795051574707031e-01 7.244878387451171875e+01 -9.999604821205139160e-01 6.375964730978012085e-03 -6.192368455231189728e-03 -4.121706187725067139e-01 -5.961463786661624908e-03 -9.978808760643005371e-01 -6.479348242282867432e-02 1.627040147781372070e+00 0.000000000000000000e+00 0.000000000000000000e+00 0.000000000000000000e+00 1.000000000000000000e+00
-6.577942986041307449e-03 -6.339094787836074829e-02 9.979670643806457520e-01 7.312650299072265625e+01 -9.999473690986633301e-01 8.274042978882789612e-03 -6.065427791327238083e-03 -4.228055477142333984e-01 -7.872728630900382996e-03 -9.979544878005981445e-01 -6.344203650951385498e-02 1.595082283020019531e+00 0.000000000000000000e+00 0.000000000000000000e+00 0.000000000000000000e+00 1.000000000000000000e+00
-6.236403249204158783e-03 -6.374190002679824829e-02 9.979469180107116699e-01 7.380474853515625000e+01 -9.999225735664367676e-01 1.114271115511655807e-02 -5.537030752748250961e-03 -4.352439045906066895e-01 -1.076689362525939941e-02 -9.979041814804077148e-01 -6.380645185708999634e-02 1.563379287719726562e+00 0.000000000000000000e+00 0.000000000000000000e+00 0.000000000000000000e+00 1.000000000000000000e+00
-5.400935187935829163e-03 -6.525716185569763184e-02 9.978538751602172852e-01 7.448312377929687500e+01 -9.999006986618041992e-01 1.334086712449789047e-02 -4.539554473012685776e-03 -4.484845399856567383e-01 -1.301599759608507156e-02 -9.977793097496032715e-01 -6.532273441553115845e-02 1.529889345169067383e+00 0.000000000000000000e+00 0.000000000000000000e+00 0.000000000000000000e+00 1.000000000000000000e+00
-5.183615256100893021e-03 -6.721931695938110352e-02 9.977247714996337891e-01 7.515951538085937500e+01 -9.998292326927185059e-01 1.804587244987487793e-02 -3.978751599788665771e-03 -4.629597365856170654e-01 -1.773736439645290375e-02 -9.975749850273132324e-01 -6.730137765407562256e-02 1.495594501495361328e+00 0.000000000000000000e+00 0.000000000000000000e+00 0.000000000000000000e+00 1.000000000000000000e+00
-4.725875798612833023e-03 -6.896922737360000610e-02 9.976075887680053711e-01 7.583399200439453125e+01 -9.998647570610046387e-01 1.603993400931358337e-02 -3.627653699368238449e-03 -4.693562984466552734e-01 -1.575136370956897736e-02 -9.974898099899291992e-01 -6.903570145368576050e-02 1.461133599281311035e+00 0.000000000000000000e+00 0.000000000000000000e+00 0.000000000000000000e+00 1.000000000000000000e+00
-3.983766306191682816e-03 -6.851392984390258789e-02 9.976422190666198730e-01 7.650255584716796875e+01 -9.998865127563476562e-01 1.476985216140747070e-02 -2.978395903483033180e-03 -4.722245037555694580e-01 -1.453096605837345123e-02 -9.975408315658569336e-01 -6.856498867273330688e-02 1.426315546035766602e+00 0.000000000000000000e+00 0.000000000000000000e+00 0.000000000000000000e+00 1.000000000000000000e+00
-3.776774276047945023e-03 -6.545030325651168823e-02 9.978486895561218262e-01 7.716805267333984375e+01 -9.998788833618164062e-01 1.531134080141782761e-02 -2.780165988951921463e-03 -4.782142937183380127e-01 -1.509643811732530594e-02 -9.977383613586425781e-01 -6.550020724534988403e-02 1.392575025558471680e+00 0.000000000000000000e+00 0.000000000000000000e+00 0.000000000000000000e+00 1.000000000000000000e+00
-3.183449618518352509e-03 -5.933957919478416443e-02 9.982327818870544434e-01 7.782981109619140625e+01 -9.998896718025207520e-01 1.467072125524282455e-02 -2.316638128831982613e-03 -4.873991906642913818e-01 -1.450732629746198654e-02 -9.981300234794616699e-01 -5.937973782420158386e-02 1.362762451171875000e+00 0.000000000000000000e+00 0.000000000000000000e+00 0.000000000000000000e+00 1.000000000000000000e+00
-2.977592172101140022e-03 -5.130010843276977539e-02 9.986788630485534668e-01 7.849274444580078125e+01 -9.998895525932312012e-01 1.469555590301752090e-02 -2.226320793852210045e-03 -4.927674829959869385e-01 -1.456193067133426666e-02 -9.985751509666442871e-01 -5.133819952607154846e-02 1.337733387947082520e+00 0.000000000000000000e+00 0.000000000000000000e+00 0.000000000000000000e+00 1.000000000000000000e+00
-3.251168876886367798e-03 -4.466048255562782288e-02 9.989969134330749512e-01 7.916236114501953125e+01 -9.999700188636779785e-01 7.164372131228446960e-03 -2.934050280600786209e-03 -4.854862987995147705e-01 -7.026149425655603409e-03 -9.989765286445617676e-01 -4.468243569135665894e-02 1.318557143211364746e+00 0.000000000000000000e+00 0.000000000000000000e+00 0.000000000000000000e+00 1.000000000000000000e+00
-3.259616671130061150e-03 -4.347681626677513123e-02 9.990491271018981934e-01 7.984739685058593750e+01 -9.999946355819702148e-01 5.396556807681918144e-04 -3.239216748625040054e-03 -4.762149453163146973e-01 -3.983116766903549433e-04 -9.990543127059936523e-01 -4.347834363579750061e-02 1.302324175834655762e+00 0.000000000000000000e+00 0.000000000000000000e+00 0.000000000000000000e+00 1.000000000000000000e+00
-2.959945006296038628e-03 -4.523576050996780396e-02 9.989719390869140625e-01 8.054374694824218750e+01 -9.999898076057434082e-01 -3.279458032920956612e-03 -3.111462108790874481e-03 -4.755939245223999023e-01 3.416836028918623924e-03 -9.989709854125976562e-01 -4.522559046745300293e-02 1.284039258956909180e+00 0.000000000000000000e+00 0.000000000000000000e+00 0.000000000000000000e+00 1.000000000000000000e+00
-2.777700312435626984e-03 -4.922357201576232910e-02 9.987839460372924805e-01 8.124471282958984375e+01 -9.999960660934448242e-01 4.931081784889101982e-04 -2.756769303232431412e-03 -4.879763722419738770e-01 -3.568104584701359272e-04 -9.987876415252685547e-01 -4.922474920749664307e-02 1.261979937553405762e+00 0.000000000000000000e+00 0.000000000000000000e+00 0.000000000000000000e+00 1.000000000000000000e+00
-2.555879065766930580e-03 -5.514442920684814453e-02 9.984751343727111816e-01 8.194467926025390625e+01 -9.999944567680358887e-01 2.266848692670464516e-03 -2.434573136270046234e-03 -4.988496005535125732e-01 -2.129138913005590439e-03 -9.984757900238037109e-01 -5.514991655945777893e-02 1.236994504928588867e+00 0.000000000000000000e+00 0.000000000000000000e+00 0.000000000000000000e+00 1.000000000000000000e+00
-2.541887806728482246e-03 -5.643471330404281616e-02 9.984030723571777344e-01 8.263572692871093750e+01 -9.999918341636657715e-01 -2.991346176713705063e-03 -2.715018577873706818e-03 -4.955612123012542725e-01 3.139790613204240799e-03 -9.984018206596374512e-01 -5.642664805054664612e-02 1.210634708404541016e+00 0.000000000000000000e+00 0.000000000000000000e+00 0.000000000000000000e+00 1.000000000000000000e+00
-3.122661728411912918e-03 -5.177504569292068481e-02 9.986538887023925781e-01 8.331355285644531250e+01 -9.999755024909973145e-01 -6.091886665672063828e-03 -3.442627144977450371e-03 -4.894333779811859131e-01 6.261928472667932510e-03 -9.986401796340942383e-01 -5.175475403666496277e-02 1.185867667198181152e+00 0.000000000000000000e+00 0.000000000000000000e+00 0.000000000000000000e+00 1.000000000000000000e+00
-2.992609515786170959e-03 -4.519275948405265808e-02 9.989737868309020996e-01 8.398295593261718750e+01 -9.999542832374572754e-01 -8.934674784541130066e-03 -3.399744164198637009e-03 -4.915353059768676758e-01 9.079149924218654633e-03 -9.989383220672607422e-01 -4.516395553946495056e-02 1.165274381637573242e+00 0.000000000000000000e+00 0.000000000000000000e+00 0.000000000000000000e+00 1.000000000000000000e+00
-2.899446059018373489e-03 -4.114589467644691467e-02 9.991489648818969727e-01 8.465352630615234375e+01 -9.999739527702331543e-01 -6.480465643107891083e-03 -3.168711904436349869e-03 -5.025352835655212402e-01 6.605329923331737518e-03 -9.991321563720703125e-01 -4.112603515386581421e-02 1.147666096687316895e+00 0.000000000000000000e+00 0.000000000000000000e+00 0.000000000000000000e+00 1.000000000000000000e+00
-3.389842342585325241e-03 -4.047612100839614868e-02 9.991747736930847168e-01 8.532528686523437500e+01 -9.999741315841674805e-01 -6.198725197464227676e-03 -3.643661970272660255e-03 -5.102956891059875488e-01 6.341090891510248184e-03 -9.991613030433654785e-01 -4.045406356453895569e-02 1.131937026977539062e+00 0.000000000000000000e+00 0.000000000000000000e+00 0.000000000000000000e+00 1.000000000000000000e+00
-3.976721316576004028e-03 -4.315044358372688293e-02 9.990606904029846191e-01 8.599671173095703125e+01 -9.999786019325256348e-01 -5.020629614591598511e-03 -4.197221249341964722e-03 -5.163543224334716797e-01 5.197025369852781296e-03 -9.990559816360473633e-01 -4.312955588102340698e-02 1.115166187286376953e+00 0.000000000000000000e+00 0.000000000000000000e+00 0.000000000000000000e+00 1.000000000000000000e+00
-3.497431520372629166e-03 -4.620685055851936340e-02 9.989257454872131348e-01 8.666638183593750000e+01 -9.999833703041076660e-01 -4.417227581143379211e-03 -3.705460112541913986e-03 -5.251033306121826172e-01 4.583700094372034073e-03 -9.989221096038818359e-01 -4.619063436985015869e-02 1.096864819526672363e+00 0.000000000000000000e+00 0.000000000000000000e+00 0.000000000000000000e+00 1.000000000000000000e+00
-3.524805419147014618e-03 -4.782373085618019104e-02 9.988495707511901855e-01 8.733005523681640625e+01 -9.999879002571105957e-01 -3.251094138249754906e-03 -3.684480907395482063e-03 -5.334959030151367188e-01 3.423559712246060371e-03 -9.988505244255065918e-01 -4.781169444322586060e-02 1.075963854789733887e+00 0.000000000000000000e+00 0.000000000000000000e+00 0.000000000000000000e+00 1.000000000000000000e+00
-3.880617208778858185e-03 -4.678246378898620605e-02 9.988975524902343750e-01 8.798600006103515625e+01 -9.999823570251464844e-01 -4.313079640269279480e-03 -4.086830653250217438e-03 -5.374937057495117188e-01 4.499516449868679047e-03 -9.988957643508911133e-01 -4.676489904522895813e-02 1.056460022926330566e+00 0.000000000000000000e+00 0.000000000000000000e+00 0.000000000000000000e+00 1.000000000000000000e+00
-4.099486861377954483e-03 -4.505278915166854858e-02 9.989761710166931152e-01 8.863648223876953125e+01 -9.999842047691345215e-01 -3.658563829958438873e-03 -4.268620628863573074e-03 -5.440673828125000000e-01 3.847131505608558655e-03 -9.989778995513916016e-01 -4.503707587718963623e-02 1.038178563117980957e+00 0.000000000000000000e+00 0.000000000000000000e+00 0.000000000000000000e+00 1.000000000000000000e+00
-3.947877325117588043e-03 -4.513325914740562439e-02 9.989731907844543457e-01 8.928538513183593750e+01 -9.999893307685852051e-01 -2.220788737758994102e-03 -4.052227828651666641e-03 -5.529905557632446289e-01 2.401398727670311928e-03 -9.989784955978393555e-01 -4.512401297688484192e-02 1.019190907478332520e+00 0.000000000000000000e+00 0.000000000000000000e+00 0.000000000000000000e+00 1.000000000000000000e+00
-3.856771392747759819e-03 -4.605517163872718811e-02 9.989314675331115723e-01 8.993140411376953125e+01 -9.999918937683105469e-01 1.334347762167453766e-03 -3.799346275627613068e-03 -5.661550164222717285e-01 -1.157942460849881172e-03 -9.989380240440368652e-01 -4.605994373559951782e-02 9.999750852584838867e-01 0.000000000000000000e+00 0.000000000000000000e+00 0.000000000000000000e+00 1.000000000000000000e+00
-4.240739159286022186e-03 -4.650022462010383606e-02 9.989092946052551270e-01 9.057309722900390625e+01 -9.999812841415405273e-01 4.600107669830322266e-03 -4.031150601804256439e-03 -5.797681808471679688e-01 -4.407641012221574783e-03 -9.989076852798461914e-01 -4.651886224746704102e-02 9.806364178657531738e-01 0.000000000000000000e+00 0.000000000000000000e+00 0.000000000000000000e+00 1.000000000000000000e+00
-4.309488926082849503e-03 -4.516712576150894165e-02 9.989701509475708008e-01 9.120802307128906250e+01 -9.999841451644897461e-01 3.820070298388600349e-03 -4.141143523156642914e-03 -5.863193273544311523e-01 -3.629092592746019363e-03 -9.989721179008483887e-01 -4.518287256360054016e-02 9.624119997024536133e-01 0.000000000000000000e+00 0.000000000000000000e+00 0.000000000000000000e+00 1.000000000000000000e+00
-4.368026275187730789e-03 -4.412642866373062134e-02 9.990164041519165039e-01 9.183873748779296875e+01 -9.999876618385314941e-01 2.563497750088572502e-03 -4.259043373167514801e-03 -5.880882740020751953e-01 -2.373039955273270607e-03 -9.990226626396179199e-01 -4.413708299398422241e-02 9.449284672737121582e-01 0.000000000000000000e+00 0.000000000000000000e+00 0.000000000000000000e+00 1.000000000000000000e+00
-4.059568047523498535e-03 -4.394321143627166748e-02 9.990257620811462402e-01 9.246721649169921875e+01 -9.999904632568359375e-01 1.793464994989335537e-03 -3.984600771218538284e-03 -5.933074951171875000e-01 -1.616621622815728188e-03 -9.990324378013610840e-01 -4.395006969571113586e-02 9.282149672508239746e-01 0.000000000000000000e+00 0.000000000000000000e+00 0.000000000000000000e+00 1.000000000000000000e+00
-3.809431102126836777e-03 -4.335458576679229736e-02 9.990524649620056152e-01 9.309049224853515625e+01 -9.999880790710449219e-01 3.224429674446582794e-03 -3.673072205856442451e-03 -6.015519499778747559e-01 -3.062129952013492584e-03 -9.990545511245727539e-01 -4.336635023355484009e-02 9.112465381622314453e-01 0.000000000000000000e+00 0.000000000000000000e+00 0.000000000000000000e+00 1.000000000000000000e+00
-3.454698249697685242e-03 -4.286563023924827576e-02 9.990748763084411621e-01 9.370991516113281250e+01 -9.999850988388061523e-01 4.368782043457031250e-03 -3.270401852205395699e-03 -6.099988818168640137e-01 -4.224552307277917862e-03 -9.990713000297546387e-01 -4.288008436560630798e-02 8.952883481979370117e-01 0.000000000000000000e+00 0.000000000000000000e+00 0.000000000000000000e+00 1.000000000000000000e+00
-3.664243966341018677e-03 -4.477671906352043152e-02 9.989902973175048828e-01 9.432881164550781250e+01 -9.999826550483703613e-01 4.771294537931680679e-03 -3.454025136306881905e-03 -6.148700714111328125e-01 -4.611817188560962677e-03 -9.989856481552124023e-01 -4.479342326521873474e-02 8.787472844123840332e-01 0.000000000000000000e+00 0.000000000000000000e+00 0.000000000000000000e+00 1.000000000000000000e+00
-3.411088604480028152e-03 -4.748187959194183350e-02 9.988662600517272949e-01 9.494464874267578125e+01 -9.999916553497314453e-01 2.399343764409422874e-03 -3.300877287983894348e-03 -6.165468692779541016e-01 -2.239891560748219490e-03 -9.988692402839660645e-01 -4.748966544866561890e-02 8.602136969566345215e-01 0.000000000000000000e+00 0.000000000000000000e+00 0.000000000000000000e+00 1.000000000000000000e+00
-2.637294586747884750e-03 -4.834748432040214539e-02 9.988270998001098633e-01 9.555397033691406250e+01 -9.999945163726806641e-01 2.113355789333581924e-03 -2.538081724196672440e-03 -6.200826168060302734e-01 -1.988167176023125648e-03 -9.988283514976501465e-01 -4.835279658436775208e-02 8.416526913642883301e-01 0.000000000000000000e+00 0.000000000000000000e+00 0.000000000000000000e+00 1.000000000000000000e+00
-1.929083024151623249e-03 -4.957949742674827576e-02 9.987683296203613281e-01 9.615982055664062500e+01 -9.999911189079284668e-01 3.842063015326857567e-03 -1.740722334943711758e-03 -6.264544725418090820e-01 -3.751026699319481850e-03 -9.987627863883972168e-01 -4.958647117018699646e-02 8.216034770011901855e-01 0.000000000000000000e+00 0.000000000000000000e+00 0.000000000000000000e+00 1.000000000000000000e+00
-8.615602855570614338e-04 -5.025634542107582092e-02 9.987359642982482910e-01 9.675991058349609375e+01 -9.999940991401672363e-01 3.357034176588058472e-03 -6.937198340892791748e-04 -6.302664279937744141e-01 -3.317927010357379913e-03 -9.987307190895080566e-01 -5.025894194841384888e-02 8.027026057243347168e-01 0.000000000000000000e+00 0.000000000000000000e+00 0.000000000000000000e+00 1.000000000000000000e+00
6.903317407704889774e-04 -5.026343092322349548e-02 9.987357854843139648e-01 9.735528564453125000e+01 -9.999958276748657227e-01 2.765791025012731552e-03 8.303968352265655994e-04 -6.311384439468383789e-01 -2.804032992571592331e-03 -9.987321496009826660e-01 -5.026131495833396912e-02 7.830148339271545410e-01 0.000000000000000000e+00 0.000000000000000000e+00 0.000000000000000000e+00 1.000000000000000000e+00
2.210210310295224190e-03 -5.018039047718048096e-02 9.987377524375915527e-01 9.794709777832031250e+01 -9.999974966049194336e-01 2.579847641754895449e-04 2.225960372015833855e-03 -6.266404986381530762e-01 -3.693586913868784904e-04 -9.987401366233825684e-01 -5.017969384789466858e-02 7.636480927467346191e-01 0.000000000000000000e+00 0.000000000000000000e+00 0.000000000000000000e+00 1.000000000000000000e+00
3.551109228283166885e-03 -4.931790754199028015e-02 9.987767934799194336e-01 9.853395843505859375e+01 -9.999936223030090332e-01 2.418076765025034547e-04 3.567375708371400833e-03 -6.251518726348876953e-01 -4.174473870079964399e-04 -9.987831115722656250e-01 -4.931673407554626465e-02 7.446053028106689453e-01 0.000000000000000000e+00 0.000000000000000000e+00 0.000000000000000000e+00 1.000000000000000000e+00
4.942465107887983322e-03 -4.625091701745986938e-02 9.989176392555236816e-01 9.911363983154296875e+01 -9.999858140945434570e-01 1.758412923663854599e-03 5.029166582971811295e-03 -6.284521818161010742e-01 -1.989113166928291321e-03 -9.989283084869384766e-01 -4.624157026410102844e-02 7.261693477630615234e-01 0.000000000000000000e+00 0.000000000000000000e+00 0.000000000000000000e+00 1.000000000000000000e+00
6.333865225315093994e-03 -4.376257583498954773e-02 9.990218877792358398e-01 9.968848419189453125e+01 -9.999725222587585449e-01 3.571227658540010452e-03 6.496331654489040375e-03 -6.309593915939331055e-01 -3.852030960842967033e-03 -9.990355968475341797e-01 -4.373875260353088379e-02 7.100283503532409668e-01 0.000000000000000000e+00 0.000000000000000000e+00 0.000000000000000000e+00 1.000000000000000000e+00
7.126271724700927734e-03 -4.242288693785667419e-02 9.990743398666381836e-01 1.002598571777343750e+02 -9.999700784683227539e-01 2.706892788410186768e-03 7.247601635754108429e-03 -6.272315382957458496e-01 -3.011851338669657707e-03 -9.990960955619812012e-01 -4.240232706069946289e-02 6.953350305557250977e-01 0.000000000000000000e+00 0.000000000000000000e+00 0.000000000000000000e+00 1.000000000000000000e+00
7.727125193923711777e-03 -4.098562523722648621e-02 9.991298317909240723e-01 1.008257293701171875e+02 -9.999679923057556152e-01 1.749163726344704628e-03 7.805360481142997742e-03 -6.218723058700561523e-01 -2.067549386993050575e-03 -9.991582036018371582e-01 -4.097079858183860779e-02 6.810023784637451172e-01 0.000000000000000000e+00 0.000000000000000000e+00 0.000000000000000000e+00 1.000000000000000000e+00
8.734420873224735260e-03 -3.954417258501052856e-02 9.991796612739562988e-01 1.013851470947265625e+02 -9.999618530273437500e-01 -3.571388951968401670e-04 8.727124892175197601e-03 -6.166784763336181641e-01 1.173900182038778439e-05 -9.992177486419677734e-01 -3.954578191041946411e-02 6.689366102218627930e-01 0.000000000000000000e+00 0.000000000000000000e+00 0.000000000000000000e+00 1.000000000000000000e+00
9.365771897137165070e-03 -3.983644396066665649e-02 9.991623163223266602e-01 1.019399185180664062e+02 -9.999546408653259277e-01 1.367540215142071247e-03 9.427722543478012085e-03 -6.172409653663635254e-01 -1.741961576044559479e-03 -9.992052912712097168e-01 -3.982182592153549194e-02 6.564034223556518555e-01 0.000000000000000000e+00 0.000000000000000000e+00 0.000000000000000000e+00 1.000000000000000000e+00
9.280730970203876495e-03 -4.243325814604759216e-02 9.990562200546264648e-01 1.024900817871093750e+02 -9.999443292617797852e-01 4.618223290890455246e-03 9.485132992267608643e-03 -6.209056377410888672e-01 -5.016349721699953079e-03 -9.990886449813842773e-01 -4.238803684711456299e-02 6.415460109710693359e-01 0.000000000000000000e+00 0.000000000000000000e+00 0.000000000000000000e+00 1.000000000000000000e+00
9.610884822905063629e-03 -4.445188120007514954e-02 9.989653229713439941e-01 1.030356445312500000e+02 -9.999315738677978516e-01 6.239383947104215622e-03 9.897820651531219482e-03 -6.234455108642578125e-01 -6.672904826700687408e-03 -9.989920258522033691e-01 -4.438887163996696472e-02 6.267513632774353027e-01 0.000000000000000000e+00 0.000000000000000000e+00 0.000000000000000000e+00 1.000000000000000000e+00
9.810106828808784485e-03 -4.550468549132347107e-02 9.989159703254699707e-01 1.035763626098632812e+02 -9.999325871467590332e-01 5.755118560045957565e-03 1.008225977420806885e-02 -6.195281744003295898e-01 -6.207670085132122040e-03 -9.989475607872009277e-01 -4.544516280293464661e-02 6.116502285003662109e-01 0.000000000000000000e+00 0.000000000000000000e+00 0.000000000000000000e+00 1.000000000000000000e+00
9.893931448459625244e-03 -4.617664963006973267e-02 9.988843202590942383e-01 1.041124572753906250e+02 -9.999299049377441406e-01 6.039479747414588928e-03 1.018348243087530136e-02 -6.168697476387023926e-01 -6.502980832010507584e-03 -9.989150166511535645e-01 -4.611365869641304016e-02 5.962916016578674316e-01 0.000000000000000000e+00 0.000000000000000000e+00 0.000000000000000000e+00 1.000000000000000000e+00
9.859335608780384064e-03 -4.626409336924552917e-02 9.988805651664733887e-01 1.046440963745117188e+02 -9.999417662620544434e-01 3.930848091840744019e-03 1.005187071859836578e-02 -6.121379137039184570e-01 -4.391488153487443924e-03 -9.989215135574340820e-01 -4.622264206409454346e-02 5.810397267341613770e-01 0.000000000000000000e+00 0.000000000000000000e+00 0.000000000000000000e+00 1.000000000000000000e+00
1.012977212667465210e-02 -4.559729993343353271e-02 9.989085197448730469e-01 1.051704025268554688e+02 -9.999358654022216797e-01 4.602778237313032150e-03 1.035029347985982895e-02 -6.099501848220825195e-01 -5.069700069725513458e-03 -9.989492893218994141e-01 -4.554774984717369080e-02 5.660971403121948242e-01 0.000000000000000000e+00 0.000000000000000000e+00 0.000000000000000000e+00 1.000000000000000000e+00
1.053045969456434250e-02 -4.607467353343963623e-02 9.988824725151062012e-01 1.056938400268554688e+02 -9.999347925186157227e-01 3.927360754460096359e-03 1.072270795702934265e-02 -6.078547835350036621e-01 -4.417017102241516113e-03 -9.989302754402160645e-01 -4.603031277656555176e-02 5.515546202659606934e-01 0.000000000000000000e+00 0.000000000000000000e+00 0.000000000000000000e+00 1.000000000000000000e+00
1.021352317184209824e-02 -4.713075980544090271e-02 9.988365173339843750e-01 1.062141189575195312e+02 -9.999339580535888672e-01 4.787409678101539612e-03 1.045064255595207214e-02 -6.055312752723693848e-01 -5.274386145174503326e-03 -9.988772273063659668e-01 -4.707875102758407593e-02 5.352295041084289551e-01 0.000000000000000000e+00 0.000000000000000000e+00 0.000000000000000000e+00 1.000000000000000000e+00
1.023048628121614456e-02 -4.722416773438453674e-02 9.988319277763366699e-01 1.067307205200195312e+02 -9.999366402626037598e-01 4.211853723973035812e-03 1.044093444943428040e-02 -6.031316518783569336e-01 -4.699998069554567337e-03 -9.988754391670227051e-01 -4.717808216810226440e-02 5.195371508598327637e-01 0.000000000000000000e+00 0.000000000000000000e+00 0.000000000000000000e+00 1.000000000000000000e+00
1.030106656253337860e-02 -4.703658074140548706e-02 9.988400340080261230e-01 1.072448654174804688e+02 -9.999314546585083008e-01 5.074694752693176270e-03 1.055129617452621460e-02 -6.023522615432739258e-01 -5.565105006098747253e-03 -9.988802671432495117e-01 -4.698108136653900146e-02 5.043462514877319336e-01 0.000000000000000000e+00 0.000000000000000000e+00 0.000000000000000000e+00 1.000000000000000000e+00
1.012134272605180740e-02 -4.693846032023429871e-02 9.988465309143066406e-01 1.077566528320312500e+02 -9.999353885650634766e-01 4.693055525422096252e-03 1.035291608422994614e-02 -5.995795726776123047e-01 -5.173591896891593933e-03 -9.988867640495300293e-01 -4.688792675733566284e-02 4.891332983970642090e-01 0.000000000000000000e+00 0.000000000000000000e+00 0.000000000000000000e+00 1.000000000000000000e+00
9.664188139140605927e-03 -4.568953812122344971e-02 9.989089369773864746e-01 1.082695541381835938e+02 -9.999428391456604004e-01 4.125926177948713303e-03 9.862908162176609039e-03 -5.963939428329467773e-01 -4.572056233882904053e-03 -9.989471435546875000e-01 -4.564705491065979004e-02 4.736241698265075684e-01 0.000000000000000000e+00 0.000000000000000000e+00 0.000000000000000000e+00 1.000000000000000000e+00
9.221911430358886719e-03 -4.530099406838417053e-02 9.989308118820190430e-01 1.087817382812500000e+02 -9.999520182609558105e-01 2.883824752643704414e-03 9.362118318676948547e-03 -5.925562381744384766e-01 -3.304854733869433403e-03 -9.989691972732543945e-01 -4.527222365140914917e-02 4.598489999771118164e-01 0.000000000000000000e+00 0.000000000000000000e+00 0.000000000000000000e+00 1.000000000000000000e+00
8.613544516265392303e-03 -4.596456140279769897e-02 9.989059567451477051e-01 1.092919692993164062e+02 -9.999623298645019531e-01 6.810721824876964092e-04 8.653993718326091766e-03 -5.882644653320312500e-01 -1.078104018233716488e-03 -9.989428520202636719e-01 -4.595696181058883667e-02 4.455652832984924316e-01 0.000000000000000000e+00 0.000000000000000000e+00 0.000000000000000000e+00 1.000000000000000000e+00
7.453283295035362244e-03 -4.663134738802909851e-02 9.988843798637390137e-01 1.097982788085937500e+02 -9.999705553054809570e-01 -2.187862526625394821e-03 7.359250914305448532e-03 -5.828006267547607422e-01 1.842249883338809013e-03 -9.989097714424133301e-01 -4.664627835154533386e-02 4.314331412315368652e-01 0.000000000000000000e+00 0.000000000000000000e+00 0.000000000000000000e+00 1.000000000000000000e+00
5.913688801229000092e-03 -4.615697637200355530e-02 9.989166855812072754e-01 1.102993316650390625e+02 -9.999810457229614258e-01 -1.985736424103379250e-03 5.828234832733869553e-03 -5.827530622482299805e-01 1.714571495540440083e-03 -9.989322423934936523e-01 -4.616784676909446716e-02 4.172168076038360596e-01 0.000000000000000000e+00 0.000000000000000000e+00 0.000000000000000000e+00 1.000000000000000000e+00
4.146601539105176926e-03 -4.529694467782974243e-02 9.989649653434753418e-01 1.107957916259765625e+02 -9.999913573265075684e-01 -5.385251715779304504e-04 4.126443527638912201e-03 -5.898360610008239746e-01 3.510524693410843611e-04 -9.989734292030334473e-01 -4.529878869652748108e-02 4.017445147037506104e-01 0.000000000000000000e+00 0.000000000000000000e+00 0.000000000000000000e+00 1.000000000000000000e+00
2.368128392845392227e-03 -4.510049521923065186e-02 9.989796280860900879e-01 1.112892608642578125e+02 -9.999960660934448242e-01 1.387485768646001816e-03 2.433178247883915901e-03 -5.983122587203979492e-01 -1.495807664468884468e-03 -9.989814758300781250e-01 -4.509703069925308228e-02 3.883626759052276611e-01 0.000000000000000000e+00 0.000000000000000000e+00 0.000000000000000000e+00 1.000000000000000000e+00
9.914067341014742851e-04 -4.538060724735260010e-02 9.989692568778991699e-01 1.117798080444335938e+02 -9.999958872795104980e-01 2.642248291522264481e-03 1.112456084229052067e-03 -6.035389304161071777e-01 -2.690008841454982758e-03 -9.989662766456604004e-01 -4.537780210375785828e-02 3.733779191970825195e-01 0.000000000000000000e+00 0.000000000000000000e+00 0.000000000000000000e+00 1.000000000000000000e+00
-1.231525384355336428e-04 -4.576934128999710083e-02 9.989520311355590820e-01 1.122652587890625000e+02 -9.999989867210388184e-01 1.404923968948423862e-03 -5.891170440008863807e-05 -6.058145165443420410e-01 -1.400755252689123154e-03 -9.989510178565979004e-01 -4.576946794986724854e-02 3.604962527751922607e-01 0.000000000000000000e+00 0.000000000000000000e+00 0.000000000000000000e+00 1.000000000000000000e+00
-1.484556705690920353e-03 -4.645858332514762878e-02 9.989191293716430664e-01 1.127427825927734375e+02 -9.999981522560119629e-01 -1.169468974694609642e-03 -1.540550962090492249e-03 -6.048173308372497559e-01 1.239776727743446827e-03 -9.989195466041564941e-01 -4.645675793290138245e-02 3.465073406696319580e-01 0.000000000000000000e+00 0.000000000000000000e+00 0.000000000000000000e+00 1.000000000000000000e+00
-2.398617332801222801e-03 -4.695153981447219849e-02 9.988942742347717285e-01 1.132114486694335938e+02 -9.999934434890747070e-01 -2.596780424937605858e-03 -2.523314440622925758e-03 -6.061366200447082520e-01 2.712382469326257706e-03 -9.988937973976135254e-01 -4.694500565528869629e-02 3.331384956836700439e-01 0.000000000000000000e+00 0.000000000000000000e+00 0.000000000000000000e+00 1.000000000000000000e+00
-2.961641177535057068e-03 -4.705272242426872253e-02 9.988880157470703125e-01 1.136690750122070312e+02 -9.999907612800598145e-01 -2.975190524011850357e-03 -3.105057403445243835e-03 -6.115560531616210938e-01 3.117983462288975716e-03 -9.988879561424255371e-01 -4.704347625374794006e-02 3.197776973247528076e-01 0.000000000000000000e+00 0.000000000000000000e+00 0.000000000000000000e+00 1.000000000000000000e+00
-3.852580441161990166e-03 -4.704639688134193420e-02 9.988852739334106445e-01 1.141146774291992188e+02 -9.999901652336120605e-01 -2.010358264669775963e-03 -3.951527643948793411e-03 -6.176366209983825684e-01 2.194022294133901596e-03 -9.988906979560852051e-01 -4.703819006681442261e-02 3.060306012630462646e-01 0.000000000000000000e+00 0.000000000000000000e+00 0.000000000000000000e+00 1.000000000000000000e+00
-5.010780412703752518e-03 -4.704638570547103882e-02 9.988801479339599609e-01 1.145488510131835938e+02 -9.999855160713195801e-01 -1.714424346573650837e-03 -5.097073502838611603e-03 -6.236951947212219238e-01 1.952303340658545494e-03 -9.988912343978881836e-01 -4.703711345791816711e-02 2.927427589893341064e-01 0.000000000000000000e+00 0.000000000000000000e+00 0.000000000000000000e+00 1.000000000000000000e+00
-5.805059801787137985e-03 -4.770718142390251160e-02 9.988445043563842773e-01 1.149722213745117188e+02 -9.999826550483703613e-01 -7.422955241054296494e-04 -5.847128108143806458e-03 -6.310605406761169434e-01 1.020387746393680573e-03 -9.988610744476318359e-01 -4.770204052329063416e-02 2.798577845096588135e-01 0.000000000000000000e+00 0.000000000000000000e+00 0.000000000000000000e+00 1.000000000000000000e+00
-6.658213678747415543e-03 -4.780790954828262329e-02 9.988343715667724609e-01 1.153821640014648438e+02 -9.999769330024719238e-01 -1.021773787215352058e-03 -6.714735645800828934e-03 -6.367691159248352051e-01 1.341600203886628151e-03 -9.988560080528259277e-01 -4.780000448226928711e-02 2.673943638801574707e-01 0.000000000000000000e+00 0.000000000000000000e+00 0.000000000000000000e+00 1.000000000000000000e+00
-7.467616815119981766e-03 -4.773718491196632385e-02 9.988319873809814453e-01 1.157806854248046875e+02 -9.999673366546630859e-01 -2.741459989920258522e-03 -7.607127074152231216e-03 -6.397529244422912598e-01 3.101400798186659813e-03 -9.988561868667602539e-01 -4.771514981985092163e-02 2.556911408901214600e-01 0.000000000000000000e+00 0.000000000000000000e+00 0.000000000000000000e+00 1.000000000000000000e+00
-8.467300795018672943e-03 -4.743372648954391479e-02 9.988384842872619629e-01 1.161652526855468750e+02 -9.999625086784362793e-01 -1.396136940456926823e-03 -8.543130010366439819e-03 -6.457498073577880859e-01 1.799747813493013382e-03 -9.988734126091003418e-01 -4.742012917995452881e-02 2.438061982393264771e-01 0.000000000000000000e+00 0.000000000000000000e+00 0.000000000000000000e+00 1.000000000000000000e+00
-8.905078284442424774e-03 -4.755070805549621582e-02 9.988291263580322266e-01 1.165397262573242188e+02 -9.999553561210632324e-01 -2.732895780354738235e-03 -9.045222774147987366e-03 -6.525896787643432617e-01 3.159802872687578201e-03 -9.988650679588317871e-01 -4.752425104379653931e-02 2.327622324228286743e-01 0.000000000000000000e+00 0.000000000000000000e+00 0.000000000000000000e+00 1.000000000000000000e+00
-9.984944015741348267e-03 -4.763626307249069214e-02 9.988148212432861328e-01 1.169022293090820312e+02 -9.999474287033081055e-01 -1.860514399595558643e-03 -1.008499879390001297e-02 -6.586365699768066406e-01 2.338720951229333878e-03 -9.988630414009094238e-01 -4.761517792940139771e-02 2.211766690015792847e-01 0.000000000000000000e+00 0.000000000000000000e+00 0.000000000000000000e+00 1.000000000000000000e+00
-1.064112130552530289e-02 -4.755030572414398193e-02 9.988121390342712402e-01 1.172539520263671875e+02 -9.999393224716186523e-01 -2.336078323423862457e-03 -1.076434366405010223e-02 -6.646923422813415527e-01 2.845151349902153015e-03 -9.988661408424377441e-01 -4.752256348729133606e-02 2.103224843740463257e-01 0.000000000000000000e+00 0.000000000000000000e+00 0.000000000000000000e+00 1.000000000000000000e+00
-1.130463648587465286e-02 -4.793872311711311340e-02 9.987863302230834961e-01 1.175949935913085938e+02 -9.999313950538635254e-01 -2.515832195058465004e-03 -1.143835019320249557e-02 -6.709730029106140137e-01 3.061118535697460175e-03 -9.988471269607543945e-01 -4.790699481964111328e-02 2.001626193523406982e-01 0.000000000000000000e+00 0.000000000000000000e+00 0.000000000000000000e+00 1.000000000000000000e+00
-1.210883725434541702e-02 -4.820578545331954956e-02 9.987640380859375000e-01 1.179253692626953125e+02 -9.999249577522277832e-01 -1.258342876099050045e-03 -1.218364667147397995e-02 -6.783478260040283203e-01 1.844109850935637951e-03 -9.988366365432739258e-01 -4.818693175911903381e-02 1.895596086978912354e-01 0.000000000000000000e+00 0.000000000000000000e+00 0.000000000000000000e+00 1.000000000000000000e+00
-1.239438727498054504e-02 -4.763365909457206726e-02 9.987879991531372070e-01 1.182436904907226562e+02 -9.999212622642517090e-01 -1.362436101771891117e-03 -1.247342675924301147e-02 -6.873125433921813965e-01 1.954939682036638260e-03 -9.988639354705810547e-01 -4.761302098631858826e-02 1.797582060098648071e-01 0.000000000000000000e+00 0.000000000000000000e+00 0.000000000000000000e+00 1.000000000000000000e+00
-1.336082722991704941e-02 -4.782158508896827698e-02 9.987665414810180664e-01 1.185519027709960938e+02 -9.999092817306518555e-01 -1.063627772964537144e-03 -1.342704147100448608e-02 -6.934008002281188965e-01 1.704418333247303963e-03 -9.988553524017333984e-01 -4.780303686857223511e-02 1.701920330524444580e-01 0.000000000000000000e+00 0.000000000000000000e+00 0.000000000000000000e+00 1.000000000000000000e+00
-1.421147771179676056e-02 -4.763947054743766785e-02 9.987635016441345215e-01 1.188492507934570312e+02 -9.998967647552490234e-01 -1.443946850486099720e-03 -1.429647766053676605e-02 -6.984383463859558105e-01 2.123238053172826767e-03 -9.988635778427124023e-01 -4.761403053998947144e-02 1.606481075286865234e-01 0.000000000000000000e+00 0.000000000000000000e+00 0.000000000000000000e+00 1.000000000000000000e+00
-1.411532144993543625e-02 -4.783074557781219482e-02 9.987556934356689453e-01 1.191355056762695312e+02 -9.998981356620788574e-01 -1.440811203792691231e-03 -1.420046761631965637e-02 -7.069624066352844238e-01 2.118237316608428955e-03 -9.988543987274169922e-01 -4.780553653836250305e-02 1.519567370414733887e-01 0.000000000000000000e+00 0.000000000000000000e+00 0.000000000000000000e+00 1.000000000000000000e+00
-1.405252236872911453e-02 -4.723480716347694397e-02 9.987849593162536621e-01 1.194102020263671875e+02 -9.999006986618041992e-01 -3.989568795077502728e-04 -1.408708747476339340e-02 -7.148075699806213379e-01 1.063872943632304668e-03 -9.988837242126464844e-01 -4.722451046109199524e-02 1.438804715871810913e-01 0.000000000000000000e+00 0.000000000000000000e+00 0.000000000000000000e+00 1.000000000000000000e+00
-1.484222710132598877e-02 -4.635790362954139709e-02 9.988146424293518066e-01 1.196749954223632812e+02 -9.998897910118103027e-01 3.553954011294990778e-04 -1.484170928597450256e-02 -7.218166589736938477e-01 3.330563777126371861e-04 -9.989248514175415039e-01 -4.635806754231452942e-02 1.356357336044311523e-01 0.000000000000000000e+00 0.000000000000000000e+00 0.000000000000000000e+00 1.000000000000000000e+00
-1.543662045150995255e-02 -4.615218192338943481e-02 9.988151192665100098e-01 1.199333267211914062e+02 -9.998807907104492188e-01 1.025918871164321899e-03 -1.540568564087152481e-02 -7.297827601432800293e-01 -3.136972663924098015e-04 -9.989339113235473633e-01 -4.616251587867736816e-02 1.276290863752365112e-01 0.000000000000000000e+00 0.000000000000000000e+00 0.000000000000000000e+00 1.000000000000000000e+00
-1.563923247158527374e-02 -4.604804143309593201e-02 9.988167881965637207e-01 1.201868286132812500e+02 -9.998774528503417969e-01 1.408408046700060368e-03 -1.559090800583362579e-02 -7.364397644996643066e-01 -6.888108327984809875e-04 -9.989382624626159668e-01 -4.606442525982856750e-02 1.206743717193603516e-01 0.000000000000000000e+00 0.000000000000000000e+00 0.000000000000000000e+00 1.000000000000000000e+00
-1.619171723723411560e-02 -4.529879242181777954e-02 9.988422393798828125e-01 1.204347686767578125e+02 -9.998689293861389160e-01 6.282260874286293983e-04 -1.617986895143985748e-02 -7.409524321556091309e-01 1.054297390510328114e-04 -9.989733099937438965e-01 -4.530302435159683228e-02 1.139764934778213501e-01 0.000000000000000000e+00 0.000000000000000000e+00 0.000000000000000000e+00 1.000000000000000000e+00
-1.722964271903038025e-02 -4.435485601425170898e-02 9.988672733306884766e-01 1.206765060424804688e+02 -9.998512864112854004e-01 3.665951953735202551e-05 -1.724498905241489410e-02 -7.456792593002319336e-01 7.282810402102768421e-04 -9.990158677101135254e-01 -4.434889182448387146e-02 1.068101376295089722e-01 0.000000000000000000e+00 0.000000000000000000e+00 0.000000000000000000e+00 1.000000000000000000e+00
-1.829634606838226318e-02 -4.348214715719223022e-02 9.988866448402404785e-01 1.209145507812500000e+02 -9.998325705528259277e-01 4.995841882191598415e-04 -1.829192601144313812e-02 -7.545223832130432129e-01 2.963442238979041576e-04 -9.990540742874145508e-01 -4.348400607705116272e-02 1.006274297833442688e-01 0.000000000000000000e+00 0.000000000000000000e+00 0.000000000000000000e+00 1.000000000000000000e+00
-1.973310671746730804e-02 -4.329102486371994019e-02 9.988676309585571289e-01 1.211504135131835938e+02 -9.998052120208740234e-01 4.999607917852699757e-04 -1.972996070981025696e-02 -7.635576128959655762e-01 3.547355590853840113e-04 -9.990623593330383301e-01 -4.329245910048484802e-02 9.452309459447860718e-02 0.000000000000000000e+00 0.000000000000000000e+00 0.000000000000000000e+00 1.000000000000000000e+00
-2.126807346940040588e-02 -4.328880459070205688e-02 9.988362193107604980e-01 1.213820953369140625e+02 -9.997737407684326172e-01 6.011802470311522484e-04 -2.126198261976242065e-02 -7.714127898216247559e-01 3.199251659680157900e-04 -9.990624189376831055e-01 -4.329179599881172180e-02 8.829527348279953003e-02 0.000000000000000000e+00 0.000000000000000000e+00 0.000000000000000000e+00 1.000000000000000000e+00
-2.188975363969802856e-02 -4.381869733333587646e-02 9.987996816635131836e-01 1.216119995117187500e+02 -9.997580647468566895e-01 -1.203632680699229240e-03 -2.196356281638145447e-02 -7.764957547187805176e-01 2.164602745324373245e-03 -9.990387558937072754e-01 -4.378174617886543274e-02 8.243934810161590576e-02 0.000000000000000000e+00 0.000000000000000000e+00 0.000000000000000000e+00 1.000000000000000000e+00
-2.211479470133781433e-02 -4.349667951464653015e-02 9.988088011741638184e-01 1.218359832763671875e+02 -9.997550249099731445e-01 3.469891453278250992e-05 -2.213423512876033783e-02 -7.846957445144653320e-01 9.281080565415322781e-04 -9.990535974502563477e-01 -4.348678886890411377e-02 7.593885064125061035e-02 0.000000000000000000e+00 0.000000000000000000e+00 0.000000000000000000e+00 1.000000000000000000e+00
-2.309540472924709320e-02 -4.337643831968307495e-02 9.987918138504028320e-01 1.220576248168945312e+02 -9.997332692146301270e-01 8.978396654129028320e-04 -2.307818084955215454e-02 -7.947116494178771973e-01 1.042943840730004013e-04 -9.990584254264831543e-01 -4.338560625910758972e-02 7.024361938238143921e-02 0.000000000000000000e+00 0.000000000000000000e+00 0.000000000000000000e+00 1.000000000000000000e+00
-2.388936467468738556e-02 -4.334471002221107483e-02 9.987745285034179688e-01 1.222757415771484375e+02 -9.997141957283020020e-01 1.954587176442146301e-03 -2.382701635360717773e-02 -8.050156831741333008e-01 -9.194168960675597191e-04 -9.990582466125488281e-01 -4.337901249527931213e-02 6.453880667686462402e-02 0.000000000000000000e+00 0.000000000000000000e+00 0.000000000000000000e+00 1.000000000000000000e+00
-2.380828000605106354e-02 -4.313613101840019226e-02 9.987854957580566406e-01 1.224908370971679688e+02 -9.997154474258422852e-01 2.523417584598064423e-03 -2.372146397829055786e-02 -8.126474022865295410e-01 -1.497100689448416233e-03 -9.990659952163696289e-01 -4.318393394351005554e-02 5.825170129537582397e-02 0.000000000000000000e+00 0.000000000000000000e+00 0.000000000000000000e+00 1.000000000000000000e+00
-2.302408590912818909e-02 -4.277406260371208191e-02 9.988194108009338379e-01 1.227039108276367188e+02 -9.997345209121704102e-01 1.838941709138453007e-03 -2.296642959117889404e-02 -8.181837797164916992e-01 -8.544033044017851353e-04 -9.990831017494201660e-01 -4.280504584312438965e-02 5.335852876305580139e-02 0.000000000000000000e+00 0.000000000000000000e+00 0.000000000000000000e+00 1.000000000000000000e+00
-2.302723750472068787e-02 -4.152375459671020508e-02 9.988721013069152832e-01 1.229188995361328125e+02 -9.997342824935913086e-01 1.994299935176968575e-03 -2.296420931816101074e-02 -8.242195844650268555e-01 -1.038490328937768936e-03 -9.991355538368225098e-01 -4.155864566564559937e-02 4.767354950308799744e-02 0.000000000000000000e+00 0.000000000000000000e+00 0.000000000000000000e+00 1.000000000000000000e+00
-2.369548566639423370e-02 -3.999090939760208130e-02 9.989190697669982910e-01 1.231375732421875000e+02 -9.997187256813049316e-01 1.949789351783692837e-03 -2.363639511168003082e-02 -8.310704231262207031e-01 -1.002440694719552994e-03 -9.991981387138366699e-01 -4.002586007118225098e-02 4.227391630411148071e-02 0.000000000000000000e+00 0.000000000000000000e+00 0.000000000000000000e+00 1.000000000000000000e+00
-2.398092485964298248e-02 -3.864998370409011841e-02 9.989650249481201172e-01 1.233662338256835938e+02 -9.997119307518005371e-01 1.909490325488150120e-03 -2.392497844994068146e-02 -8.388941884040832520e-01 -9.828140027821063995e-04 -9.992510080337524414e-01 -3.868464007973670959e-02 3.718374669551849365e-02 0.000000000000000000e+00 0.000000000000000000e+00 0.000000000000000000e+00 1.000000000000000000e+00
